1	1080	MESH:D003550	1	1608
3	10083	MESH:D003638	1	73
4	1355	MESH:D007888	1	16
5	1355	MESH:D003677	1	1
6	6591	MESH:D016116	1	14
7	6591	MESH:D014849	1	20
8	11136	MESH:D003555	1	12
9	2554	MESH:D004831	1	17
11	2896	MESH:D057180	1	259
12	5318	MESH:D009202	1	115
13	3784	OMIM:612240	1	25
18	3861	MESH:D004820	1	28
19	5607	MESH:D012148	1	16
20	28962	MESH:D010022	1	25
21	50939	MESH:D012174	1	18
22	5351	MESH:D004535	1	19
23	359	MESH:D018500	1	97
24	51314	MESH:D002925	1	28
25	1071	MESH:D008268	1	54
26	7066	MESH:D013920	1	14
27	10683	MESH:C537565	1	14
31	51168	MESH:D003638	1	73
33	201294	MESH:D051359	1	77
34	990	MESH:C538012	1	21
36	7414	MESH:D002312	1	86
37	7414	MESH:D002311	1	65
38	4282	MESH:D001171	1	31
39	6948	OMIM:275350	1	15
41	410	MESH:D007966	1	74
42	3560	MESH:D001172	1	370
43	1690	MESH:D003638	1	23
44	5836	MESH:D006008	1	6
45	7443	OMIM:612390	1	14
49	191	OMIM:250850	1	8
50	215	MESH:D000326	1	119
52	6102	MESH:D012174	1	134
53	2717	MESH:D000795	1	177
55	23594	MESH:C538012	1	15
56	7249	MESH:D014402	1	1100
57	7249	MESH:D018192	1	124
58	4210	MESH:D010505	1	405
59	27324	MESH:D012148	1	3
60	27324	MESH:D001943	1	126
61	26258	MESH:D022861	1	9
62	7038	MESH:D003409	1	10
64	7038	MESH:D013967	1	40
65	6101	MESH:D012174	1	155
66	54332	MESH:D002607	1	55
67	6813	MESH:D051359	1	51
70	7040	MESH:D003966	1	70
71	1406	MESH:D012174	1	170
74	6528	MESH:D003409	1	9
75	55851	MESH:D016575	1	2
77	1311	MESH:D010009	1	37
78	57817	MESH:D006432	1	89
79	3955	MESH:C537565	1	11
80	7036	MESH:D006432	1	129
81	2645	MESH:C538373	1	108
82	2218	OMIM:253800	1	63
83	2218	MESH:D058494	1	65
85	727	MESH:D001172	1	112
86	23064	MESH:D000690	1	111
87	5949	MESH:D012174	1	53
88	657	MESH:C537702	1	65
90	2584	MESH:D005693	1	38
91	5193	MESH:D015211	1	22
92	6928	MESH:D011471	1	73
94	1277	MESH:D004535	1	64
95	1277	MESH:C538219	1	43
96	1277	MESH:D006958	1	9
98	4621	MESH:D001176	1	11
99	8929	MESH:D009447	1	66
101	3558	MESH:D001172	1	2571
102	7466	MESH:D003638	1	75
104	3732	MESH:D011471	1	164
105	1410	MESH:D002311	1	27
107	4598	MESH:D054078	1	124
110	4633	MESH:D002312	1	143
112	345895	MESH:D002925	1	30
113	2178	MESH:D005199	1	82
114	7287	MESH:D012174	1	87
116	9896	MESH:D002607	1	14
117	9896	MESH:D000690	1	29
118	2979	MESH:D012174	1	41
119	5961	MESH:D008268	1	67
120	5961	MESH:D012174	1	118
121	3910	MESH:D002311	1	16
124	3593	MESH:D015535	1	71
125	51364	MESH:D002925	1	16
127	7134	MESH:D002311	1	41
129	6556	MESH:D001171	1	7
130	338	MESH:D000012	1	67
131	374291	MESH:D007888	1	26
134	607	MESH:C536940	1	1
135	9927	MESH:D002607	1	95
136	22868	MESH:D003677	1	0
138	7128	MESH:D001171	1	37
139	7128	MESH:D001172	1	319
140	7128	MESH:D008180	1	197
141	5311	MESH:D016891	1	270
142	8074	MESH:D017674	1	172
143	2703	OMIM:218330	1	0
144	7043	MESH:D009202	1	86
146	8600	MESH:D010022	1	303
148	23435	MESH:D000690	1	901
150	2703	MESH:C536940	1	2
151	9409	MESH:D015211	1	25
153	10804	MESH:D003638	1	129
154	10804	MESH:D004476	1	22
157	27019	MESH:D002925	1	45
159	1959	MESH:D002607	1	49
160	540	MESH:D006527	1	220
162	3759	MESH:D050030	1	63
163	3759	OMIM:612240	1	11
168	6584	MESH:D003677	1	1
169	652	MESH:D008850	1	53
170	6662	MESH:D055036	1	105
173	718	MESH:D008268	1	225
176	1340	MESH:D003677	1	0
178	1773	MESH:D008180	1	55
180	3425	MESH:D008059	1	56
181	3315	MESH:D002607	1	54
182	5189	MESH:D015211	1	29
183	23639	MESH:D002925	1	17
184	3630	MESH:D003920	1	2226
186	1258	MESH:D012174	1	67
187	2780	MESH:D003117	1	25
188	9509	MESH:D004535	1	23
189	3040	MESH:D017085	1	61
190	6674	MESH:D002925	1	11
192	5894	MESH:D009634	1	125
194	2006	MESH:D003483	1	43
195	4695	MESH:D007888	1	13
197	3852	MESH:D004820	1	14
198	3848	MESH:D017488	1	28
201	348	MESH:D008268	1	269
202	4705	MESH:D007888	1	7
203	9997	MESH:D003677	1	0
205	445	MESH:D020159	1	18
208	2161	MESH:D054179	1	28
209	22	MESH:D001259	1	37
210	2538	MESH:D006008	1	40
211	5914	MESH:D015473	1	395
212	2330	MESH:C536940	1	1
213	5565	MESH:C536940	1	1
214	2521	MESH:D000690	1	476
217	182	MESH:D016738	1	118
218	1401	MESH:D008180	1	1104
219	8546	MESH:D022861	1	25
220	5145	MESH:D012174	1	65
221	6341	MESH:D003677	1	1
223	3845	MESH:D009634	1	152
224	3845	MESH:D056735	1	25
225	81846	MESH:D002607	1	31
228	7428	MESH:D006623	1	1845
230	7252	MESH:D003409	1	15
232	4853	MESH:D016738	1	72
234	1643	MESH:D014983	1	176
236	324	MESH:D011125	1	402
237	6927	MESH:C538373	1	36
238	6927	MESH:D003920	1	132
239	5630	MESH:D000690	1	63
241	1144	MESH:D020294	1	13
242	80704	MESH:D001480	1	8
243	1593	MESH:D019294	1	240
244	55654	MESH:D010235	1	50
245	10913	MESH:D053358	1	71
246	3569	MESH:D001171	1	572
247	3569	MESH:D003920	1	3069
248	51204	MESH:D007888	1	8
249	51204	MESH:D003677	1	0
250	83990	MESH:D005199	1	191
251	83990	MESH:D001943	1	290
252	640	MESH:D012595	1	42
253	640	MESH:D001172	1	91
254	6366	MESH:D001172	1	242
255	8737	MESH:D008180	1	72
257	1588	MESH:D001943	1	365
258	6519	MESH:D003555	1	17
259	10128	MESH:D007888	1	45
261	580	MESH:D001943	1	252
262	580	MESH:D009447	1	27
264	1134	MESH:D020294	1	26
265	30061	MESH:D006432	1	102
266	10060	MESH:D002311	1	26
267	3034	MESH:C538320	1	29
268	2581	MESH:D007965	1	38
269	7450	MESH:D014842	1	2439
272	29954	MESH:D058494	1	55
274	79728	MESH:D005199	1	158
275	79728	MESH:D001943	1	333
276	1829	MESH:D009202	1	88
277	1829	MESH:D002311	1	50
279	1352	MESH:D007888	1	24
280	1352	MESH:D003677	1	1
282	59341	MESH:D002607	1	16
283	2184	MESH:D020176	1	47
284	999	MESH:D011471	1	1921
285	999	MESH:D001943	1	4421
286	16	MESH:D002607	1	16
287	80208	MESH:D000690	1	26
290	2324	MESH:C537843	1	26
291	338917	MESH:D008850	1	65
292	338917	MESH:D003103	1	30
293	3690	MESH:D010022	1	8
295	4481	MESH:D011471	1	77
298	5310	MESH:D016891	1	300
299	6121	MESH:D012174	1	247
301	84662	OMIM:611498	1	24
302	1387	MESH:D012415	1	117
304	6521	MESH:D013103	1	24
306	27130	OMIM:611498	1	54
307	10483	MESH:D000742	1	22
311	9132	MESH:D003638	1	58
313	55526	MESH:D002607	1	1
314	10133	MESH:D000690	1	111
315	5264	MESH:D012035	1	14
316	443	MESH:D017825	1	26
317	6598	MESH:C536436	1	13
318	5588	MESH:D001172	1	44
319	2033	MESH:D011471	1	561
320	2033	MESH:D012415	1	72
322	3552	MESH:D013167	1	206
323	80271	MESH:D009080	1	30
325	55572	MESH:D007888	1	9
327	1991	MESH:C536227	1	33
330	89884	MESH:D007018	1	14
334	4722	MESH:D007888	1	19
336	4036	MESH:D011471	1	37
338	23095	MESH:D010235	1	8
339	23095	MESH:D002607	1	81
340	23095	MESH:D009447	1	34
342	23301	MESH:D011471	1	18
344	7007	MESH:D003638	1	47
348	8540	MESH:D018902	1	12
349	5000	MESH:C538012	1	12
351	57514	MESH:C538225	1	2
352	57679	MESH:D000690	1	110
354	59067	MESH:D001172	1	706
356	175	MESH:D054880	1	4
357	1356	MESH:C536004	1	5
358	6774	MESH:D011471	1	1413
360	2255	MESH:C538132	1	8
361	4552	MESH:D006712	1	21
362	7297	MESH:D001172	1	201
363	411	MESH:D009087	1	46
364	6389	MESH:D010235	1	104
365	6389	MESH:D007888	1	57
369	1161	MESH:D003057	1	117
370	7879	MESH:D002607	1	14
371	1767	MESH:D002925	1	64
372	6507	MESH:C535506	1	17
373	4683	MESH:D011471	1	138
374	4683	MESH:D001943	1	503
376	4547	MESH:D000012	1	36
378	1181	MESH:D004831	1	8
381	10312	MESH:D010022	1	31
382	286	MESH:D013103	1	24
383	5172	MESH:D003638	1	138
387	8379	MESH:D011471	1	28
389	8048	MESH:D002312	1	78
390	8048	MESH:D002311	1	68
391	7078	MESH:D008268	1	86
394	5149	MESH:D003117	1	13
395	7112	MESH:D002311	1	23
398	5925	MESH:D012175	1	1783
399	26277	MESH:D019871	1	58
400	57697	MESH:D005199	1	128
402	145226	MESH:D012174	1	64
405	7168	MESH:D002312	1	84
406	7168	MESH:D002311	1	59
408	5371	MESH:D015473	1	845
409	3073	MESH:D013661	1	66
411	5428	OMIM:203700	1	59
412	6017	MESH:D012174	1	82
413	463	MESH:D011471	1	17
414	3394	MESH:D001172	1	112
417	4864	MESH:D009542	1	65
419	7157	MESH:D001943	1	12296
422	2064	MESH:D009447	1	719
423	3858	MESH:D017488	1	93
425	125972	MESH:D002312	1	4
427	6647	MESH:D000690	1	1432
428	207	MESH:D016715	1	61
429	81794	MESH:D056846	1	24
430	2702	MESH:C536940	1	1
431	2212	MESH:D001172	1	435
432	83872	MESH:D008268	1	33
435	4211	MESH:D012148	1	23
436	9381	MESH:D003638	1	63
437	1261	MESH:D003117	1	33
439	285362	MESH:D052517	1	27
443	55651	MESH:D019871	1	52
444	4594	MESH:C537358	1	30
446	6872	MESH:D004421	1	16
448	10280	MESH:D000690	1	25
450	2746	MESH:C538373	1	21
451	710	MESH:D054179	1	161
452	472	MESH:D001260	1	1525
453	472	MESH:D001943	1	983
455	6094	MESH:D012174	1	75
458	84159	MESH:D001172	1	11
460	1824	MESH:D009202	1	76
461	4613	MESH:D009447	1	887
462	166785	MESH:C537358	1	10
464	7292	MESH:D012595	1	49
465	26353	MESH:D002607	1	24
467	25836	MESH:D003635	1	110
469	2697	OMIM:164200	1	98
470	7545	MESH:D003616	1	11
472	3081	MESH:D000474	1	30
473	56172	MESH:C537519	1	11
476	80746	OMIM:612390	1	9
477	7508	MESH:D014983	1	391
480	760	MESH:D010022	1	53
481	2071	MESH:D014983	1	160
483	843	MESH:D056735	1	41
485	1836	MESH:D010009	1	20
486	1836	MESH:C536170	1	118
487	392255	MESH:D007714	1	38
488	392255	MESH:D008850	1	15
489	392255	MESH:D003103	1	12
490	23522	MESH:D008607	1	10
491	9131	MESH:D002607	1	4
492	2177	MESH:D005199	1	362
493	51422	MESH:D002312	1	47
495	3815	MESH:D016116	1	39
500	673	MESH:D009634	1	77
503	5192	MESH:D015211	1	28
504	3242	MESH:D020176	1	14
505	2176	MESH:D005199	1	533
507	56683	MESH:D002925	1	12
508	10481	MESH:D011471	1	87
509	9992	OMIM:612240	1	13
511	70	MESH:D002312	1	64
512	70	MESH:D002311	1	42
513	70	MESH:D002313	1	9
516	89765	MESH:D002925	1	12
517	1476	MESH:D020194	1	319
518	1234	MESH:D003920	1	99
519	4634	MESH:D002312	1	75
520	2264	MESH:D011471	1	84
522	6777	MESH:D015473	1	29
524	1145	MESH:D020294	1	23
525	84464	MESH:D005199	1	104
530	23385	MESH:D016575	1	3
531	5966	MESH:D001172	1	251
532	5194	MESH:D015211	1	28
534	10461	MESH:D012174	1	100
535	1293	MESH:C537521	1	40
536	1293	MESH:C535436	1	41
538	4286	MESH:D014849	1	47
541	5274	MESH:C536841	1	18
542	8820	MESH:D007018	1	35
545	200879	MESH:D007039	1	17
547	6010	MESH:D012174	1	546
548	5364	MESH:D011471	1	50
550	91942	MESH:D007888	1	11
551	4724	MESH:D007888	1	39
553	51752	MESH:D013167	1	73
554	4869	MESH:D015473	1	156
555	6862	MESH:D002817	1	0
556	6100	MESH:D012174	1	41
557	6469	MESH:D008850	1	52
558	6469	MESH:D003103	1	43
560	1278	MESH:D004535	1	62
563	117531	MESH:D003638	1	59
565	7486	MESH:D011471	1	39
566	7486	MESH:D014898	1	538
567	1073	MESH:D017696	1	24
568	7253	MESH:D003409	1	54
570	55172	MESH:D002925	1	28
572	7248	MESH:D014402	1	843
573	7248	MESH:D018192	1	123
574	3251	MESH:D007926	1	171
578	3990	MESH:D008268	1	49
580	81693	MESH:D000749	1	2
583	6901	MESH:D002311	1	40
585	717	OMIM:217000	1	199
586	717	MESH:D008268	1	328
588	4640	MESH:D003638	1	12
589	2038	MESH:D013103	1	7
590	861	MESH:D001172	1	158
591	90678	MESH:D002607	1	11
592	1292	MESH:C537521	1	39
593	1292	MESH:C535436	1	42
596	762	MESH:D012174	1	47
597	81620	MESH:C538012	1	19
600	50964	MESH:D001848	1	12
601	27249	MESH:C537358	1	7
602	27249	MESH:D006712	1	9
603	478	MESH:C536589	1	9
606	189	MESH:D006960	1	29
610	5190	MESH:D015211	1	27
611	6323	MESH:D020325	1	67
612	3643	MESH:D056731	1	74
614	1493	MESH:D001943	1	669
615	1493	MESH:D001172	1	852
616	1493	MESH:D013967	1	206
617	1493	MESH:D003920	1	154
618	79188	MESH:D009202	1	51
619	5308	MESH:C535679	1	71
621	10594	MESH:D012174	1	75
622	1281	MESH:D004535	1	77
624	54658	MESH:D005878	1	115
626	3596	MESH:D015535	1	161
627	5354	MESH:D020371	1	90
628	79042	OMIM:612390	1	10
630	2548	MESH:D006008	1	9
632	7399	MESH:D012174	1	135
635	7369	OMIM:162000	1	20
637	55130	MESH:D002925	1	12
639	51778	MESH:D002312	1	23
642	435	MESH:D056807	1	26
645	695	MESH:D000361	1	106
647	64446	MESH:D002925	1	34
648	4046	MESH:D001943	1	109
650	2147	MESH:D007020	1	43
653	5376	MESH:D002607	1	143
657	7015	MESH:D001943	1	896
658	7015	MESH:D019871	1	138
662	4023	MESH:D008072	1	211
667	10125	MESH:D001172	1	25
668	2072	MESH:D014983	1	443
670	55215	MESH:D005199	1	192
671	3728	MESH:D009202	1	45
676	4744	MESH:D000690	1	116
680	8557	MESH:D002312	1	55
681	8557	MESH:D002311	1	47
682	4281	OMIM:300000	1	48
683	85478	MESH:D002925	1	16
684	57560	MESH:C537571	1	28
688	4867	OMIM:611498	1	78
690	9380	MESH:D006960	1	19
691	80169	MESH:D019871	1	16
696	7915	MESH:C535803	1	37
697	54768	MESH:C536940	1	0
698	54768	MESH:D002925	1	27
703	9129	MESH:D012174	1	91
704	5191	MESH:D012035	1	11
705	5191	MESH:D018902	1	28
706	4728	MESH:D007888	1	18
708	1776	MESH:D008180	1	15
709	54714	MESH:D003117	1	33
710	5551	MESH:D051359	1	71
711	274	MESH:D020914	1	32
713	23020	MESH:D012174	1	37
716	130557	MESH:D012174	1	11
718	387082	MESH:D003920	1	8
719	7173	MESH:D003409	1	60
723	10397	MESH:D002607	1	24
726	2146	MESH:D011471	1	515
727	2146	MESH:C536687	1	11
729	8289	MESH:C536436	1	12
730	55024	MESH:D012595	1	26
731	55024	MESH:D008180	1	61
732	1827	MESH:D001172	1	16
733	811	MESH:D013920	1	58
735	149233	MESH:D013167	1	155
737	149233	MESH:D015535	1	138
738	4222	MESH:D007714	1	2
740	64840	MESH:D005489	1	20
741	3039	MESH:D017085	1	33
743	51010	OMIM:612390	1	9
745	8243	MESH:D003635	1	100
746	6657	MESH:D008850	1	106
747	6657	MESH:D007018	1	25
749	5339	MESH:D020294	1	9
750	5339	MESH:D004820	1	27
751	6605	MESH:C536436	1	10
752	26121	MESH:D012174	1	88
753	491	MESH:D003638	1	27
754	55135	MESH:D019871	1	27
755	57674	MESH:D009072	1	28
757	259236	MESH:D003638	1	12
758	6794	MESH:D001943	1	601
759	6794	MESH:D010580	1	293
760	940	MESH:D001172	1	1215
761	3735	MESH:D002607	1	17
762	2200	MESH:D056846	1	34
765	2200	MESH:D008382	1	336
768	57716	MESH:D002607	1	28
769	84987	MESH:D003677	1	1
773	5663	MESH:D002311	1	35
774	5663	MESH:D016575	1	2
775	79147	MESH:D058494	1	55
779	81857	MESH:D002607	1	5
780	2187	MESH:D005199	1	103
783	283989	OMIM:612390	1	16
785	5148	MESH:D012174	1	31
786	4990	MESH:D008850	1	21
788	6331	MESH:D002311	1	132
794	8701	MESH:D002925	1	49
795	493753	MESH:D003677	1	0
796	2188	MESH:D005199	1	92
797	55670	MESH:D015211	1	15
798	4601	MESH:D011471	1	33
800	7490	MESH:D011471	1	179
801	7490	MESH:D017624	1	54
803	71	MESH:D003638	1	22
806	9573	MESH:D007714	1	7
807	9573	MESH:D008850	1	6
808	9573	MESH:D003103	1	7
812	1287	MESH:D009394	1	70
813	55505	MESH:D019871	1	57
814	23545	MESH:D003483	1	10
815	5727	MESH:D001478	1	190
816	212	MESH:C536761	1	19
818	1294	MESH:D016108	1	41
820	1187	MESH:D001477	1	19
821	388939	MESH:D012174	1	27
824	9939	MESH:C536940	1	83
825	668	MESH:D016569	1	36
1650	668	MESH:D050805	1	29
1649	668	MESH:C537572	1	8
826	1769	MESH:D002925	1	8
827	91624	MESH:D002312	1	7
828	3043	MESH:D017086	1	66
830	2626	MESH:D006548	1	12
831	25794	MESH:D012174	1	37
832	30062	MESH:D008850	1	30
834	128178	MESH:D053358	1	36
835	5889	MESH:D005199	1	107
836	5889	MESH:D001943	1	184
837	283	MESH:D000690	1	103
839	148738	MESH:D006432	1	77
840	1103	MESH:D020294	1	15
842	1908	MESH:D014849	1	24
843	9227	MESH:D012174	1	63
847	3988	MESH:D015217	1	9
848	114548	MESH:D056587	1	381
849	60528	MESH:D011471	1	50
852	7189	MESH:D001172	1	414
853	554	MESH:D018500	1	56
854	7704	MESH:D015473	1	194
855	4004	MESH:D009447	1	25
857	6444	MESH:D002311	1	21
863	27031	OMIM:611498	1	51
864	3572	MESH:D001172	1	280
866	23562	MESH:D003638	1	29
867	1235	MESH:D001172	1	353
868	3117	MESH:D002446	1	98
869	3117	MESH:D001171	1	19
871	3117	MESH:D003920	1	41
872	1687	MESH:D003638	1	20
873	3423	MESH:D016532	1	102
874	2261	MESH:C538132	1	5
875	2261	OMIM:146000	1	43
877	2261	MESH:D013796	1	54
879	1180	MESH:D009224	1	63
880	7100	MESH:D008180	1	145
881	9516	MESH:D002607	1	28
883	6609	MESH:D009542	1	57
885	1758	MESH:D017674	1	52
888	5781	MESH:D009634	1	172
889	375298	MESH:D012174	1	45
890	4089	MESH:C537702	1	164
891	4089	MESH:D013683	1	95
892	1299	MESH:D010009	1	24
894	7137	MESH:D002312	1	175
895	7137	MESH:D002311	1	157
896	7137	MESH:D002313	1	26
901	145873	MESH:C537565	1	13
904	921	MESH:D001172	1	257
906	55975	MESH:D012174	1	22
907	7517	MESH:D001943	1	159
910	7273	MESH:D002312	1	215
911	7273	MESH:D002311	1	197
912	5015	MESH:D008850	1	77
917	8481	MESH:D009958	1	7
918	8481	MESH:D002925	1	30
919	10161	MESH:D007039	1	15
920	285489	MESH:D020294	1	29
921	1499	MESH:D018296	1	30
922	875	MESH:D006712	1	88
923	22806	MESH:D001172	1	29
924	57492	MESH:C536436	1	19
925	79092	MESH:D015535	1	23
926	4771	MESH:D017253	1	141
927	10516	MESH:D008268	1	38
928	10516	MESH:D003483	1	20
929	3614	MESH:D012174	1	83
931	29978	MESH:D000690	1	112
933	3516	MESH:D001172	1	61
934	378884	MESH:D020192	1	38
936	538	MESH:D007706	1	141
939	8898	MESH:D002607	1	38
940	5213	MESH:D006008	1	11
941	224	MESH:D016111	1	25
942	1760	MESH:D009223	1	360
947	79837	MESH:D001172	1	8
949	64218	MESH:D012174	1	36
950	3064	MESH:D006816	1	1627
951	641	MESH:D001816	1	52
953	2070	MESH:D003638	1	20
954	2070	MESH:D002311	1	14
956	4625	MESH:D002312	1	230
957	4625	MESH:D002311	1	151
958	4625	MESH:D002313	1	19
960	1717	MESH:D019082	1	51
961	1785	MESH:D002607	1	35
962	1785	MESH:D020914	1	46
963	5979	MESH:D010235	1	135
965	8764	MESH:D001172	1	63
966	2073	MESH:D014983	1	336
967	355	MESH:D056735	1	79
970	2074	MESH:D008268	1	19
971	2074	MESH:D003057	1	130
972	6898	MESH:D020176	1	1
975	54899	MESH:D001172	1	18
976	146059	MESH:D000742	1	9
977	4624	MESH:D002311	1	125
979	200734	MESH:D001172	1	21
980	3899	MESH:D001172	1	42
981	5789	MESH:D012148	1	18
983	6288	MESH:D010505	1	31
984	1778	MESH:D002607	1	12
986	5195	MESH:D015211	1	36
990	781	MESH:D008305	1	4
991	5828	MESH:D015211	1	30
993	487	MESH:C536607	1	6
995	3663	MESH:D012595	1	95
996	3663	MESH:D001172	1	207
997	3663	MESH:D008180	1	276
999	1297	MESH:D010009	1	24
1001	5350	MESH:D002312	1	58
1002	5350	MESH:D002311	1	79
1003	1121	MESH:D015794	1	245
1004	6597	MESH:C536436	1	13
1005	4763	MESH:D017253	1	651
1006	1524	MESH:D008268	1	73
1007	6775	MESH:D012595	1	116
1008	6775	MESH:D001171	1	59
1009	6775	MESH:D001172	1	421
1010	6775	MESH:D008180	1	287
1011	841	MESH:D001943	1	1598
1012	841	MESH:D056735	1	98
1013	4477	MESH:D011471	1	86
1015	2213	MESH:D001172	1	69
1016	2213	MESH:D008180	1	69
1018	7415	MESH:D057180	1	195
1651	7415	MESH:D009135	1	139
1019	7415	MESH:D000690	1	209
1020	84665	MESH:D002311	1	6
1024	81031	OMIM:208050	1	25
1026	7516	MESH:D001943	1	124
1027	5995	MESH:D012174	1	40
1028	5116	MESH:D011471	1	20
1029	6261	MESH:D020512	1	99
1030	6261	MESH:D008305	1	139
1032	147409	MESH:D007039	1	13
1035	26191	MESH:D012595	1	93
1036	26191	MESH:D001171	1	77
1037	26191	MESH:D001172	1	547
1038	26191	MESH:D008180	1	311
1039	26191	MESH:D003920	1	72
1043	3123	MESH:D001171	1	92
1044	3123	MESH:D001172	1	840
1047	3123	MESH:D015535	1	79
1048	3123	MESH:D003920	1	123
1049	222662	MESH:D003638	1	16
1050	773	MESH:D020325	1	115
1051	773	MESH:C535506	1	94
1052	23230	MESH:D054546	1	28
1054	4133	MESH:D008268	1	38
1056	10210	MESH:D012174	1	25
1057	26580	MESH:D052497	1	51
1058	26580	MESH:D002607	1	10
1059	6663	MESH:D014849	1	50
1060	7169	MESH:D017696	1	27
1061	5167	MESH:D017674	1	24
1063	2673	MESH:D020294	1	9
1064	477	MESH:C536589	1	9
1065	477	MESH:D020325	1	71
1069	2736	MESH:D007018	1	10
1076	9126	MESH:D003635	1	98
1078	8838	MESH:D001171	1	10
1079	1639	MESH:D000690	1	51
1082	2705	MESH:D002607	1	80
1083	1756	MESH:D002311	1	208
1085	65217	MESH:D003638	1	102
1090	1291	MESH:C537521	1	48
1091	1291	MESH:C535436	1	52
1092	779	MESH:D020514	1	57
1093	779	MESH:D008305	1	56
1095	142680	MESH:D017674	1	30
1097	6262	MESH:D009202	1	305
1098	4548	MESH:D006712	1	3
1099	88	MESH:D002312	1	29
1100	88	MESH:D002311	1	25
1102	8443	MESH:D018902	1	19
1103	58	MESH:D017696	1	42
1105	5664	MESH:D002311	1	25
1110	3664	MESH:C536528	1	129
1112	1380	MESH:D008180	1	255
1113	117289	MESH:D001172	1	24
1114	7139	MESH:D002312	1	217
1115	7139	MESH:D002311	1	206
1116	7139	MESH:D002313	1	23
1117	5788	MESH:D001172	1	1079
1118	23418	MESH:D012174	1	128
1120	259266	MESH:D008268	1	4
1124	3075	MESH:D008268	1	415
1125	7957	MESH:D020192	1	38
1127	4688	MESH:D008180	1	28
1128	6041	MESH:D011471	1	118
1129	8676	MESH:D051359	1	66
1130	8504	MESH:D015211	1	33
1131	462	MESH:D020152	1	339
1132	356	MESH:D056735	1	145
1136	5824	MESH:D015211	1	31
1137	383	MESH:D020162	1	46
1138	6708	MESH:D013103	1	6
1139	4000	MESH:D002607	1	42
1142	4000	MESH:D002311	1	196
1144	3570	MESH:D001172	1	444
1145	7170	MESH:D017696	1	27
1146	10758	MESH:D015535	1	39
1148	5654	MESH:D008268	1	189
1150	9531	MESH:D002311	1	28
1151	639	MESH:D001172	1	122
1152	51463	MESH:C536940	1	1
1153	51205	MESH:C536940	1	1
1154	9557	MESH:C536940	1	2
1156	914	MESH:D001172	1	245
1157	965	MESH:D001172	1	113
1159	282996	MESH:D002311	1	21
1160	4893	MESH:D009634	1	70
1161	4893	MESH:D056735	1	16
1162	57038	OMIM:612390	1	15
1163	1736	MESH:D019871	1	110
1164	8517	MESH:D007184	1	235
1165	8517	MESH:D010022	1	27
1166	6566	MESH:C538373	1	17
1167	6785	MESH:D008268	1	47
1174	4646	MESH:D003638	1	71
1175	3654	MESH:D001172	1	243
1176	51750	MESH:D019871	1	22
1181	24	MESH:D012174	1	172
1182	24	MESH:D008268	1	168
1184	1244	MESH:D007566	1	34
1185	2332	OMIM:300623	1	170
1186	2332	MESH:D005600	1	809
1187	60495	MESH:C536480	1	3
1189	114327	MESH:D004831	1	13
1193	4952	MESH:D009800	1	72
1194	5314	MESH:D016891	1	92
1196	7809	MESH:D001477	1	23
1198	860	MESH:D002973	1	122
1200	1376	OMIM:608836	1	17
1201	4998	MESH:C538012	1	22
1202	10555	MESH:D052497	1	49
1203	27063	MESH:D002311	1	33
1206	1289	MESH:D004535	1	35
1208	11093	MESH:D011697	1	265
1210	5728	MESH:D011471	1	2132
1211	5728	MESH:D001943	1	3994
1213	5728	MESH:D006223	1	634
1214	6834	MESH:D007888	1	41
1217	4595	MESH:D011125	1	198
1218	221421	MESH:D002925	1	31
1219	4143	OMIM:250850	1	7
1220	10585	MESH:D058494	1	60
1222	5429	MESH:D014983	1	65
1224	958	MESH:D001172	1	1049
1228	5631	MESH:D002607	1	7
1229	4352	MESH:D013920	1	120
1232	1298	MESH:D010009	1	27
1233	27232	OMIM:250850	1	2
1234	27232	MESH:D011471	1	22
1235	100	MESH:C531816	1	153
1236	1678	MESH:C535808	1	40
1237	57158	MESH:D002312	1	22
1238	5453	MESH:D001172	1	15
1239	9469	MESH:D010009	1	5
1241	2022	MESH:D013683	1	155
1242	2707	MESH:D003638	1	69
1243	8565	MESH:D002607	1	16
1246	7185	MESH:D001171	1	30
1247	7185	MESH:D001172	1	200
1248	1674	MESH:D002311	1	127
1252	9968	MESH:D011471	1	34
1255	3710	MESH:D003920	1	25
1257	2517	MESH:D005645	1	6
1258	2582	MESH:D005693	1	42
1260	1896	MESH:D053358	1	539
1263	2048	MESH:D011471	1	218
1265	367	MESH:D014770	1	245
1267	367	MESH:D011471	1	1912
1269	1302	MESH:D003638	1	31
1270	1302	OMIM:215150	1	8
1272	19	MESH:D013631	1	136
1273	249	MESH:D007014	1	37
1274	229	MESH:D005633	1	11
1275	1290	MESH:D004535	1	29
1277	7046	MESH:D011471	1	160
1280	7507	MESH:D014983	1	408
1281	494513	MESH:D003638	1	20
1282	2245	MESH:C535331	1	27
1283	23569	MESH:D001172	1	225
1284	6390	MESH:D010235	1	223
1285	6390	MESH:D006223	1	68
1287	6392	MESH:D010235	1	155
1293	1188	MESH:D001477	1	47
1295	1184	MESH:D017674	1	17
1297	50943	MESH:D003920	1	189
1299	3107	MESH:D015535	1	84
1301	5095	MESH:C538166	1	4
1303	4524	MESH:D006712	1	91
1306	3105	MESH:D001171	1	17
1307	114798	MESH:D005879	1	46
1309	1910	MESH:D014849	1	31
1310	2395	MESH:D005621	1	324
1311	6311	MESH:D000690	1	125
1312	83715	MESH:D003638	1	20
1313	8029	MESH:D000749	1	27
1317	261734	OMIM:611498	1	62
1321	54880	MESH:D008850	1	14
1322	6103	MESH:D012174	1	85
1323	6103	MESH:D002925	1	18
1324	123872	MESH:D002925	1	31
1325	2563	MESH:D004831	1	12
1327	2189	MESH:D005199	1	134
1328	2592	MESH:D005693	1	95
1332	5080	MESH:D008850	1	174
1333	5080	MESH:D003103	1	101
1334	5080	MESH:D015783	1	183
1335	5080	MESH:D017624	1	45
1336	2625	MESH:D001172	1	251
1338	5251	MESH:D017674	1	70
1340	5621	MESH:D006527	1	33
1341	6197	MESH:D038921	1	38
1343	1832	MESH:D009202	1	13
1350	3559	MESH:D001171	1	174
1351	3559	MESH:D001172	1	1445
1352	3559	MESH:D003920	1	238
1355	203228	MESH:D000690	1	378
1361	7010	OMIM:600195	1	7
1362	675	MESH:D011471	1	763
1363	675	MESH:D005199	1	368
1364	675	MESH:D001943	1	3197
1365	551	OMIM:125700	1	15
1370	1280	MESH:C537207	1	11
1373	1280	MESH:D010009	1	54
1374	123016	MESH:D012174	1	67
1377	6606	MESH:D000690	1	185
1380	3420	MESH:D012174	1	15
1381	2296	MESH:C535679	1	53
1382	2296	MESH:D003616	1	7
1383	6557	MESH:D001477	1	60
1388	3717	MESH:D013920	1	353
1390	3717	MESH:D011086	1	312
1391	427	MESH:D055577	1	18
1392	1497	MESH:D003554	1	40
1396	3736	MESH:C535506	1	50
1397	11200	MESH:D011471	1	333
1398	11200	MESH:D001943	1	1062
1400	5888	MESH:D001943	1	866
1402	1186	MESH:D010022	1	65
1403	2706	MESH:D003638	1	307
1411	94	MESH:D013683	1	151
1413	50506	MESH:D003409	1	30
1414	238	MESH:D009447	1	238
1415	2617	MESH:D002607	1	29
1416	2175	MESH:D005199	1	226
1417	6710	MESH:D013103	1	5
1418	1130	MESH:D002609	1	181
1422	352909	MESH:D002925	1	21
1423	2068	MESH:D014983	1	411
1426	5077	MESH:D014849	1	67
1428	64423	MESH:D002607	1	7
1429	3758	MESH:D001477	1	58
1435	10157	MESH:D020167	1	2
1436	55812	MESH:D012174	1	38
1438	2539	MESH:D005236	1	45
1439	4926	MESH:D015473	1	33
1443	3426	OMIM:610984	1	35
1444	3426	MESH:D008268	1	70
1445	5660	MESH:D007966	1	8
1447	7227	MESH:C536555	1	4
1451	137682	MESH:D007888	1	10
1454	1285	MESH:D009394	1	72
1456	10020	MESH:D029461	1	21
1457	1286	MESH:D009394	1	58
1459	4901	MESH:D012174	1	106
1462	4703	MESH:D017696	1	23
1463	55036	MESH:D002925	1	30
1467	64072	MESH:D003638	1	123
1469	3119	MESH:D002446	1	168
1470	3119	MESH:D001171	1	37
1472	3119	MESH:D003920	1	97
1474	4214	MESH:D001943	1	310
1477	57728	MESH:D012174	1	17
1480	4148	MESH:D010009	1	45
1483	23414	MESH:D006548	1	8
1484	1259	MESH:D012174	1	72
1485	11078	MESH:D003638	1	19
1488	6654	MESH:D009634	1	70
1489	55120	MESH:D005199	1	117
1490	84140	MESH:D012174	1	23
1491	729920	MESH:D058494	1	19
1493	3033	MESH:C538373	1	23
1494	114781	MESH:D012148	1	21
1497	6335	MESH:D004916	1	79
1499	4647	MESH:D003638	1	168
1500	6295	MESH:D012174	1	53
1501	1123	MESH:D004370	1	15
1503	3655	MESH:D011471	1	136
1504	388389	MESH:D002925	1	20
1505	176	MESH:D010008	1	2
1506	4938	MESH:D003920	1	13
1508	9842	MESH:D010022	1	14
1511	91147	OMIM:611498	1	55
1513	11277	MESH:D008180	1	82
1515	10801	MESH:D020968	1	28
1516	83552	MESH:D008850	1	11
1517	3481	MESH:D011471	1	438
1519	3481	MESH:D001506	1	249
1520	55636	MESH:D058747	1	99
1522	6399	MESH:D010009	1	11
1524	2260	MESH:C538582	1	47
1528	121512	MESH:D002607	1	18
1531	7849	MESH:D003409	1	55
1533	64324	MESH:C536687	1	15
1534	64324	MESH:D058495	1	47
1535	6329	MESH:D020513	1	36
1536	6329	MESH:D020514	1	69
1537	6329	MESH:D020294	1	17
1538	720	MESH:D008180	1	84
1543	7124	MESH:D020275	1	1056
1544	7124	MESH:D001171	1	814
1547	3106	MESH:D001171	1	194
1548	3106	MESH:D013167	1	587
1549	3106	MESH:D001172	1	574
1550	3106	MESH:D015535	1	258
1551	7439	MESH:D008268	1	111
1552	7439	MESH:D012174	1	81
1555	10165	MESH:D020159	1	14
1557	11155	MESH:D002311	1	39
1558	161497	MESH:D003638	1	25
1562	339829	MESH:D002925	1	25
1566	7148	MESH:D004535	1	19
1568	3115	MESH:D001171	1	16
1569	3115	MESH:D001172	1	107
1571	3798	MESH:D001172	1	32
1573	2263	MESH:C538132	1	6
1575	2263	MESH:D011471	1	266
1576	2263	MESH:D000168	1	114
1577	2263	MESH:C538582	1	66
1578	2263	MESH:D001943	1	624
1579	2263	MESH:D003394	1	72
1580	7555	MESH:D009223	1	114
1581	2632	MESH:D006008	1	9
1583	1028	MESH:D001506	1	140
1587	8842	MESH:D012174	1	73
1588	629	MESH:D008268	1	94
1591	9217	MESH:D000690	1	141
1592	3077	MESH:C536761	1	6
1594	3077	MESH:D006432	1	375
1595	3712	MESH:C538167	1	27
1596	672	MESH:D011471	1	1255
1597	672	MESH:D001943	1	5128
1598	5096	MESH:C538166	1	4
1599	1316	MESH:D011471	1	66
1601	2317	MESH:C536573	1	11
1602	2317	MESH:C537873	1	15
1603	5158	MESH:D012174	1	197
1607	79628	MESH:D002607	1	32
1608	346007	MESH:D012174	1	33
1610	4359	MESH:D002607	1	101
1614	84107	MESH:D003616	1	9
1615	387715	MESH:D008268	1	188
1619	785	MESH:D004831	1	12
1620	785	MESH:C535506	1	11
1621	488	MESH:D007644	1	41
1624	3684	MESH:D008180	1	538
1625	4607	MESH:D002312	1	164
1626	4607	MESH:D002311	1	89
1627	326625	MESH:C537358	1	10
1628	84667	MESH:C537565	1	8
1635	5053	MESH:D010661	1	152
1636	3851	MESH:D053529	1	4
1637	10577	MESH:D009542	1	46
1640	83544	MESH:D002925	1	21
1642	7090	MESH:D001172	1	5
1643	64220	MESH:D008850	1	18
1645	8792	MESH:D010022	1	62
1647	768206	MESH:D012174	1	22
1648	7138	MESH:D017696	1	26
7091	7099	MESH:C536528	0	6732
7090	51497	MESH:C536528	0	3734
7088	7422	MESH:C535955	0	3430
7087	3586	MESH:C535955	0	2642
7086	50943	MESH:C536380	0	2286
7085	3605	MESH:C536528	0	2173
7084	5594	MESH:C537330	0	2145
7083	207	MESH:C537330	0	2100
7082	4513	MESH:D029461	0	1803
7081	2064	MESH:D014388	0	1802
7080	3383	MESH:D029461	0	1635
7079	3596	MESH:C536411	0	1550
7078	4615	OMIM:146820	0	1437
7076	4513	MESH:D009103	0	1298
7075	3458	MESH:D006223	0	1210
7074	54205	MESH:C537330	0	1163
7073	5595	MESH:D029461	0	1077
7072	7157	MESH:C537590	0	1076
7071	942	MESH:D029461	0	1055
7070	5111	MESH:C535955	0	1042
7069	3605	MESH:C535955	0	1031
7068	3576	MESH:D020274	0	1022
7067	4792	MESH:D029461	0	1015
7066	581	OMIM:605711	0	1001
7065	7040	MESH:C536974	0	1001
7064	3458	MESH:C535875	0	959
7063	842	MESH:D007015	0	952
7062	1026	MESH:D029461	0	926
7061	836	MESH:C536677	0	917
7060	1956	OMIM:135300	0	911
7059	7157	MESH:D011475	0	891
7058	3630	MESH:C538373	0	885
7056	595	MESH:C537330	0	863
7054	1401	MESH:D009767	0	841
7053	8743	MESH:D029461	0	836
7050	5243	MESH:D029461	0	773
7049	7422	MESH:D007088	0	739
7048	7099	MESH:C536751	0	701
7047	6647	MESH:C536411	0	697
7046	3815	MESH:C535955	0	692
7045	1385	MESH:C535955	0	682
7043	3845	MESH:C537268	0	635
7042	5599	MESH:C536974	0	618
7041	7422	MESH:D002833	0	605
7040	7124	OMIM:607154	0	603
7039	7157	MESH:D013734	0	600
7038	238	MESH:D004194	0	590
7037	4513	OMIM:103900	0	587
7035	5054	MESH:C536411	0	570
7034	5290	MESH:C537268	0	559
7033	7124	OMIM:164200	0	533
7032	948	MESH:D029461	0	525
7031	3586	MESH:D003112	0	523
7030	5972	OMIM:611809	0	523
7029	3458	MESH:C536677	0	519
7027	847	MESH:C535955	0	514
7026	1029	OMIM:164200	0	509
7025	6774	OMIM:146820	0	504
7023	3576	MESH:D004368	0	473
7022	3815	MESH:D007015	0	469
7021	4155	MESH:D004948	0	466
7019	3553	MESH:D016369	0	464
7018	581	MESH:D015828	0	463
7016	3553	MESH:D012816	0	455
7013	54205	MESH:D020274	0	421
7012	7490	MESH:D004194	0	419
7010	581	OMIM:121210	0	402
7009	5621	OMIM:256600	0	399
7008	4292	MESH:D016609	0	393
7007	5972	OMIM:613657	0	390
7006	4524	MESH:D004194	0	386
7005	79923	MESH:C535955	0	385
7004	5468	MESH:C535477	0	375
7003	2353	MESH:C536974	0	371
7002	7431	OMIM:135300	0	369
7001	23411	MESH:C537330	0	368
7000	4613	MESH:D001528	0	364
6999	2332	MESH:D002659	0	360
6998	3014	MESH:D007015	0	354
6997	6774	OMIM:121210	0	352
6996	3458	MESH:D007691	0	350
6995	5563	MESH:D029461	0	345
6994	3596	MESH:C535875	0	344
6993	1385	MESH:C536974	0	343
6992	5599	MESH:C536677	0	338
6991	3952	MESH:C537158	0	333
6990	6361	MESH:D004194	0	327
6989	6647	MESH:C537330	0	327
6988	4292	MESH:D013132	0	327
6987	3929	MESH:D018746	0	325
6986	6532	MESH:D029461	0	323
6985	6367	MESH:C536528	0	318
6984	3596	MESH:D020139	0	317
6981	4609	OMIM:103900	0	306
6980	1490	MESH:C535955	0	302
6979	5594	MESH:D013734	0	302
6978	57379	MESH:D029461	0	297
6977	5175	MESH:D055954	0	291
6976	3315	MESH:D029461	0	289
6975	5563	MESH:D019189	0	285
6974	6517	MESH:D001528	0	285
6973	11186	MESH:D004194	0	284
6972	6863	MESH:D007029	0	284
6971	7157	MESH:D061325	0	283
6970	5970	MESH:D054363	0	281
6968	6531	OMIM:256600	0	277
6967	5972	MESH:C535477	0	275
6966	3627	OMIM:607948	0	274
6965	2099	MESH:D008594	0	273
6964	4519	MESH:C536411	0	272
6962	7422	MESH:D030342	0	265
6961	1636	MESH:D007691	0	262
6960	2067	MESH:D004194	0	261
6959	406991	MESH:D001768	0	260
6958	5621	MESH:C538481	0	257
6957	8660	MESH:C536411	0	252
6956	4846	MESH:D007015	0	247
6955	5290	MESH:D013920	0	247
6954	5781	MESH:D029461	0	245
6953	2950	OMIM:103900	0	245
6952	2475	MESH:C538475	0	245
6951	3312	MESH:D004194	0	244
6950	3630	MESH:C537770	0	243
6949	2324	MESH:D029461	0	242
6948	3162	OMIM:256600	0	242
6947	920	MESH:D016510	0	239
6945	240	MESH:D004194	0	238
6943	3630	MESH:C536974	0	232
6942	4524	MESH:C536411	0	231
6940	10891	MESH:C541083	0	229
6938	120892	MESH:D004194	0	225
6937	4846	OMIM:103900	0	225
6936	847	MESH:D005597	0	225
6934	7422	MESH:C535319	0	221
6933	9370	OMIM:605711	0	221
6932	659	MESH:C536282	0	220
6931	6198	MESH:C536974	0	220
6930	2305	MESH:C536411	0	219
6929	820	MESH:D018746	0	218
6927	4313	OMIM:609322	0	217
6926	1029	MESH:C536751	0	215
6924	6373	MESH:D029461	0	211
6923	2475	MESH:D008072	0	211
6922	356	MESH:D002534	0	210
6921	2244	MESH:D003141	0	208
6919	8797	MESH:D029461	0	205
6918	4094	MESH:D003424	0	201
6916	1268	MESH:C535955	0	199
6915	207	MESH:C537026	0	198
6914	5290	MESH:D015434	0	198
6913	4851	MESH:C537330	0	197
6912	3576	MESH:D005597	0	197
6911	50616	MESH:D006223	0	197
6910	8829	MESH:C535955	0	196
6909	149233	MESH:D020773	0	195
6908	1788	MESH:D054221	0	193
6907	154	MESH:C535955	0	193
6906	5594	MESH:C536030	0	190
6904	207	MESH:D020922	0	188
6903	3481	MESH:D007015	0	187
6902	5468	OMIM:611809	0	187
6901	1050	MESH:D009442	0	186
6900	6774	OMIM:164160	0	186
6899	648	MESH:C535955	0	185
6898	3569	MESH:D001987	0	183
6897	4899	MESH:C536411	0	182
6896	867	MESH:C535955	0	182
6893	5111	MESH:D053448	0	177
6891	5914	MESH:D029461	0	174
6890	627	MESH:C538008	0	172
6889	100133941	MESH:D051677	0	171
6888	3630	OMIM:300194	0	170
6887	7490	MESH:D020773	0	167
6886	23643	MESH:D004194	0	167
6884	2308	MESH:D007015	0	166
6883	7422	OMIM:162820	0	163
6882	6469	MESH:C537280	0	162
6881	7422	MESH:C535802	0	161
6878	185	MESH:D007015	0	158
6877	1137	MESH:D004194	0	158
6876	4855	MESH:D001528	0	157
6875	2944	OMIM:103900	0	157
6874	5468	MESH:C537770	0	156
6873	5468	OMIM:143890	0	154
6872	328	MESH:C537268	0	151
6871	931	MESH:D015275	0	151
6870	4846	MESH:D024741	0	150
6869	5468	MESH:D050724	0	150
6868	1636	OMIM:163000	0	147
6866	10891	MESH:D006390	0	145
6865	2890	MESH:C537330	0	144
6864	7454	MESH:D029461	0	144
6863	3553	MESH:C537241	0	140
6861	5465	OMIM:143890	0	140
6860	673	OMIM:307150	0	139
6859	3627	MESH:D007184	0	139
6858	4609	MESH:D004819	0	139
6857	942	MESH:C537849	0	139
6856	3162	MESH:C536677	0	136
6854	2067	MESH:D003057	0	133
6853	7157	MESH:C536589	0	132
6852	355	OMIM:146820	0	131
6851	3091	MESH:D024741	0	129
6850	8856	MESH:D009103	0	127
6849	847	MESH:D011906	0	127
6848	7422	MESH:C537047	0	126
6847	7042	MESH:C537330	0	126
6846	5465	MESH:D018316	0	124
6844	6351	MESH:C536777	0	123
6843	4493	MESH:D029461	0	123
6842	3991	MESH:D019189	0	122
6841	596	MESH:D017034	0	118
6840	79068	MESH:D004194	0	117
6839	9759	MESH:C535955	0	116
6838	1613	MESH:D002908	0	116
6837	5243	MESH:C537180	0	112
6836	196	MESH:C537330	0	106
6835	7067	MESH:D029461	0	104
6833	1269	MESH:D018746	0	104
6832	1137	MESH:D018746	0	104
6831	6670	MESH:C536528	0	102
6830	5468	MESH:D016369	0	102
6829	9021	OMIM:164160	0	99
6828	6772	MESH:C535601	0	99
6827	3480	MESH:C536677	0	98
6826	920	MESH:D014126	0	98
6825	317	OMIM:613657	0	98
6824	1029	OMIM:601399	0	97
6823	6899	MESH:D006344	0	97
6822	1312	MESH:D012030	0	97
6821	6507	MESH:D007015	0	96
6819	30835	MESH:D000163	0	94
6818	596	MESH:D004410	0	93
6817	5730	MESH:D029461	0	93
6816	3320	MESH:D004362	0	91
6815	6256	MESH:D002534	0	90
6812	5599	MESH:C536030	0	88
6811	3569	MESH:C535804	0	88
6810	5294	MESH:D019189	0	88
6809	406982	MESH:C536411	0	86
6808	1499	MESH:D058866	0	84
6807	4282	MESH:C537330	0	83
6806	5788	MESH:C536943	0	82
6805	4283	OMIM:609322	0	82
6804	1628	MESH:D007015	0	81
6803	4313	MESH:D020277	0	80
6802	5970	MESH:D050724	0	80
6801	5608	MESH:D004194	0	80
6800	1026	MESH:C536962	0	80
6799	5781	MESH:C537680	0	79
6798	4524	OMIM:609056	0	76
6796	7249	MESH:D018322	0	75
6795	4353	MESH:D004454	0	75
6794	3725	MESH:C536108	0	74
6793	2932	MESH:D010335	0	74
6792	4036	MESH:C535955	0	74
6791	3091	MESH:C537347	0	74
6790	3565	MESH:C537301	0	74
6788	2475	MESH:D057770	0	73
6786	9971	MESH:C535955	0	72
6785	7422	MESH:D016108	0	72
6784	2920	MESH:C536201	0	72
6783	2730	MESH:D029461	0	72
6782	2177	MESH:D029461	0	71
6781	1432	MESH:D007691	0	71
6780	5106	MESH:D007015	0	71
6779	2624	MESH:D009442	0	70
6778	7124	MESH:C538262	0	69
6777	2879	MESH:D004194	0	68
6776	540	OMIM:611809	0	67
6775	6361	MESH:D007015	0	67
6774	406947	MESH:D010262	0	66
6773	23435	MESH:D054363	0	66
6772	7082	MESH:D007691	0	65
6771	50943	MESH:D016510	0	65
6770	3845	MESH:D005597	0	65
6769	648	MESH:D020022	0	65
6768	3565	MESH:C535282	0	65
6767	6774	MESH:C536394	0	64
6766	3596	MESH:D004814	0	64
6765	8841	MESH:D007184	0	64
6764	4842	MESH:D054363	0	63
6763	7189	MESH:D010262	0	62
6762	2177	MESH:D012030	0	62
6760	4792	OMIM:302200	0	60
6759	7442	MESH:D006390	0	60
6757	7508	MESH:D004194	0	59
6756	56616	MESH:C536974	0	59
6755	2101	MESH:D029461	0	59
6753	3553	OMIM:103600	0	58
6752	80339	MESH:D016640	0	57
6751	207	MESH:D058617	0	57
6749	1571	MESH:D010262	0	57
6748	3689	OMIM:116920	0	56
6747	4908	MESH:C537330	0	56
6746	6774	MESH:D010677	0	56
6745	581	MESH:D057765	0	56
6744	8826	MESH:C535955	0	55
6743	7124	MESH:D009370	0	55
6741	4843	MESH:C535808	0	54
6740	3091	MESH:C536827	0	54
6739	406991	MESH:D052177	0	53
6738	3014	MESH:C535808	0	53
6736	3716	MESH:D016511	0	52
6735	1947	MESH:D001528	0	52
6734	5972	MESH:C537849	0	52
6733	7852	MESH:D000361	0	52
6732	1736	MESH:D004194	0	51
6731	4524	MESH:D001361	0	51
6729	2069	MESH:D029461	0	50
6728	6507	OMIM:605711	0	49
6725	9734	MESH:D007184	0	48
6724	5781	OMIM:603218	0	48
6723	59272	MESH:D007691	0	48
6721	51684	MESH:D007938	0	47
6720	6608	MESH:D016609	0	47
6719	1545	MESH:C537330	0	47
6718	3429	MESH:D000796	0	47
6717	1756	MESH:D058606	0	47
6716	335	MESH:D004362	0	47
6715	7124	MESH:C536975	0	46
6714	5919	MESH:C536528	0	46
6713	5727	OMIM:613657	0	46
6712	1636	MESH:D013899	0	45
6711	9370	MESH:C537707	0	45
6710	5727	MESH:C537243	0	45
6709	65018	MESH:D020361	0	45
6708	573	MESH:C535955	0	45
6707	6531	MESH:D003424	0	44
6706	7249	MESH:D012030	0	44
6704	238	MESH:C536928	0	44
6703	6256	MESH:D015466	0	44
6702	406937	MESH:D016640	0	43
6701	5465	OMIM:164200	0	43
6700	7422	MESH:C538041	0	43
6699	567	MESH:C536030	0	43
6698	4089	MESH:D034801	0	43
6696	151306	MESH:C536411	0	43
6695	581	MESH:C536589	0	42
6694	4318	MESH:D052517	0	42
6693	7317	MESH:C537799	0	42
6692	2056	MESH:C537301	0	41
6691	6364	OMIM:165800	0	41
6690	1029	MESH:C538013	0	41
6689	5601	MESH:D012030	0	41
6688	3552	OMIM:611147	0	41
6687	65018	MESH:C538475	0	40
6685	9370	MESH:D008556	0	40
6684	598	OMIM:611147	0	40
6683	7067	MESH:C537268	0	40
6681	196	MESH:D015434	0	39
6680	2099	OMIM:613640	0	39
6679	26047	MESH:C535955	0	39
6678	8878	OMIM:165800	0	39
6677	8792	MESH:D003057	0	39
6676	995	MESH:D015434	0	39
6675	3718	MESH:C536227	0	39
6674	5168	MESH:D018746	0	38
6673	7248	OMIM:168601	0	38
6672	5179	MESH:D007029	0	38
6671	3725	OMIM:150270	0	38
6669	836	OMIM:602482	0	38
6668	3553	MESH:C536297	0	38
6667	5563	MESH:D006223	0	37
6666	5601	MESH:D015434	0	37
6665	9227	MESH:C536411	0	37
6664	4292	OMIM:108985	0	37
6663	406991	MESH:C537026	0	37
6662	57447	MESH:D029461	0	37
6659	4153	MESH:D054549	0	36
6658	3064	MESH:D005329	0	36
6657	6657	MESH:D008202	0	36
6656	5727	MESH:D005489	0	36
6655	6775	MESH:D017204	0	35
6654	65018	OMIM:609322	0	35
6652	1636	MESH:C538373	0	34
6651	3106	MESH:D011681	0	34
6650	5727	OMIM:121210	0	34
6649	7124	MESH:D002372	0	33
6648	7157	MESH:D020243	0	33
6647	7155	MESH:C535955	0	33
6646	348	MESH:D018882	0	33
6645	1392	MESH:D057770	0	33
6643	5599	MESH:C537241	0	32
6642	250	MESH:D002873	0	32
6641	6608	MESH:D053448	0	31
6640	4843	MESH:C536503	0	31
6639	1244	MESH:D007088	0	31
6638	3630	MESH:D013915	0	31
6637	6647	MESH:C536128	0	31
6636	7040	MESH:D006734	0	30
6635	4976	MESH:D012173	0	30
6634	3799	OMIM:256600	0	30
6633	6362	OMIM:135300	0	30
6632	4204	MESH:D013734	0	30
6630	1540	MESH:C535477	0	30
6629	6392	MESH:D001948	0	30
6628	10413	MESH:C536528	0	30
6627	4615	MESH:D005597	0	29
6626	6331	MESH:C536677	0	29
6625	151056	MESH:D008072	0	29
6624	55869	MESH:C536528	0	29
6623	4162	MESH:D055954	0	29
6622	1394	MESH:D012030	0	29
6621	5888	MESH:D017675	0	28
6620	4311	MESH:D010524	0	28
6619	1432	MESH:C536928	0	28
6618	3630	MESH:D057215	0	28
6617	2735	MESH:D007184	0	28
6616	2263	MESH:D000292	0	28
6615	22909	MESH:C536572	0	28
6614	1230	MESH:C535541	0	28
6613	3106	MESH:C537797	0	28
6612	2729	MESH:C535477	0	28
6611	2147	MESH:D038223	0	27
6610	4763	OMIM:143890	0	27
6609	4846	OMIM:125370	0	27
6608	627	MESH:D056730	0	27
6606	8029	MESH:D016640	0	27
6605	847	MESH:D012391	0	26
6604	1269	MESH:D003865	0	26
6602	1861	MESH:C538007	0	26
6601	5468	OMIM:608808	0	26
6600	2100	MESH:D007244	0	26
6599	28234	MESH:C535955	0	26
6598	183	MESH:D017887	0	25
6597	540	MESH:C536751	0	25
6596	406937	MESH:C538008	0	25
6595	151056	OMIM:143890	0	25
6594	5424	MESH:D003123	0	25
6593	196	MESH:D000381	0	25
6592	9547	MESH:D009442	0	25
6591	3760	MESH:D020773	0	24
6590	6427	MESH:D057180	0	24
6589	1435	MESH:C536335	0	24
6588	6347	MESH:D004062	0	24
6587	135	OMIM:608852	0	24
6586	2131	MESH:D009442	0	23
6585	5328	MESH:D018295	0	23
6584	1390	MESH:D000275	0	23
6583	3553	MESH:D009370	0	23
6582	5465	MESH:C535349	0	23
6581	4846	MESH:C536030	0	23
6580	598	MESH:C535313	0	22
6578	1235	OMIM:304790	0	22
6577	26291	MESH:D006390	0	22
6576	574447	MESH:C537330	0	22
6575	8795	MESH:D020786	0	22
6574	4843	OMIM:600794	0	22
6573	3718	MESH:D004382	0	22
6572	256297	MESH:D010188	0	22
6571	580	MESH:C536928	0	22
6570	23671	MESH:D029461	0	22
6569	761	OMIM:606824	0	22
6568	406991	MESH:D012598	0	22
6566	3553	MESH:C538270	0	22
6565	648	MESH:D016751	0	21
6564	2735	MESH:D020314	0	21
6563	57104	OMIM:609056	0	21
6562	796	MESH:C538282	0	21
6561	538	MESH:C536751	0	21
6560	4544	MESH:D013734	0	21
6559	2308	OMIM:250620	0	21
6558	7442	MESH:D010677	0	21
6557	10735	MESH:C536057	0	21
6556	11047	MESH:C537330	0	21
6555	29949	MESH:D015275	0	21
6554	6494	MESH:D004194	0	21
6553	3075	MESH:D020159	0	21
6552	847	OMIM:611147	0	21
6551	5465	OMIM:201450	0	21
6550	80310	MESH:D020773	0	20
6549	4248	MESH:D004194	0	20
6547	2475	MESH:D010267	0	20
6546	2244	MESH:D058606	0	20
6545	6899	MESH:D024741	0	20
6544	356	MESH:D018467	0	19
6542	6256	OMIM:602081	0	19
6541	7099	MESH:C537280	0	19
6540	54106	MESH:D019969	0	19
6539	1318	MESH:D020773	0	19
6538	10806	MESH:C536293	0	19
6537	2056	OMIM:307150	0	19
6536	6531	MESH:C536128	0	19
6535	80339	MESH:D018746	0	19
6534	9464	MESH:D024741	0	18
6533	2896	MESH:D001816	0	18
6532	7298	OMIM:613068	0	18
6531	4982	MESH:C537436	0	18
6530	55145	MESH:C536096	0	18
6529	3489	OMIM:121210	0	18
6528	6648	MESH:D007625	0	18
6527	7424	MESH:D050031	0	18
6526	1490	MESH:C535808	0	18
6525	406991	MESH:D004454	0	18
6524	820	MESH:D020275	0	18
6523	5468	MESH:C535904	0	18
6522	9607	MESH:D006555	0	18
6521	80149	MESH:C535955	0	18
6520	7249	OMIM:108420	0	17
6519	4204	MESH:D000820	0	17
6518	2739	MESH:D012030	0	17
6517	79602	MESH:C537788	0	17
6516	3417	MESH:D011019	0	17
6515	1499	MESH:D005265	0	17
6514	10788	MESH:C536411	0	17
6513	80310	MESH:D007015	0	17
6512	389421	MESH:D054218	0	17
6511	3091	OMIM:606719	0	17
6510	7099	MESH:D055577	0	16
6508	3061	MESH:D006964	0	16
6507	3115	MESH:D018316	0	16
6506	7157	OMIM:146000	0	16
6505	2321	MESH:D016108	0	16
6504	5644	MESH:D007015	0	16
6503	4319	MESH:C538339	0	16
6502	5444	MESH:D004410	0	16
6501	2309	MESH:D005134	0	16
6500	50943	MESH:D003108	0	16
6499	185	MESH:D015537	0	16
6498	629	MESH:D054549	0	15
6497	3491	OMIM:604307	0	15
6496	596	OMIM:605253	0	15
6495	4879	MESH:D008151	0	15
6494	3087	MESH:C535959	0	15
6493	54715	MESH:D007015	0	15
6492	1861	MESH:D008072	0	15
6491	183	OMIM:251600	0	15
6490	352909	MESH:D007246	0	15
6489	5468	MESH:D006712	0	15
6488	3934	MESH:D057770	0	15
6487	4160	MESH:D009447	0	15
6486	84062	MESH:D020754	0	15
6485	3664	MESH:D012030	0	15
6484	1072	OMIM:163000	0	15
6483	4353	MESH:D056735	0	15
6482	5468	MESH:D060426	0	15
6481	1269	MESH:C535554	0	14
6480	4843	MESH:D009383	0	14
6479	2950	MESH:D050031	0	14
6478	2877	MESH:D020274	0	14
6477	3630	MESH:D015436	0	14
6476	7507	MESH:D018365	0	14
6475	10518	MESH:D054062	0	14
6473	4318	MESH:C535347	0	14
6472	8431	MESH:C536419	0	14
6471	2944	MESH:D004410	0	14
6470	472	OMIM:611943	0	14
6469	3163	MESH:C536751	0	14
6468	26585	MESH:D003112	0	14
6467	5106	MESH:C538429	0	14
6466	1153	MESH:D009103	0	14
6465	3643	MESH:C536298	0	14
6464	3552	MESH:D054331	0	14
6463	30835	MESH:D004671	0	14
6462	4524	MESH:C536943	0	13
6461	151306	MESH:D003093	0	13
6460	114990	MESH:D009103	0	13
6459	4282	MESH:D006938	0	13
6458	5594	MESH:D018784	0	13
6457	4893	OMIM:302200	0	13
6456	761	MESH:D004834	0	13
6455	4088	MESH:D011681	0	13
6454	2100	MESH:D016511	0	13
6453	6373	MESH:D004382	0	13
6452	11005	MESH:D016112	0	13
6451	2312	MESH:D000387	0	13
6450	1735	MESH:D016638	0	13
6449	10891	OMIM:266500	0	13
6448	1139	MESH:C536751	0	13
6447	196	MESH:D015211	0	13
6446	1636	MESH:D005738	0	12
6445	207	MESH:C536925	0	12
6444	3061	OMIM:121210	0	12
6443	65018	MESH:D024741	0	12
6442	183	MESH:D015211	0	12
6441	1375	OMIM:613657	0	12
6440	4128	MESH:D000820	0	12
6439	1139	MESH:D020512	0	12
6438	4212	OMIM:300194	0	12
6437	8575	MESH:C536057	0	12
6436	6462	MESH:C537180	0	12
6435	152330	MESH:C537219	0	12
6434	9846	MESH:D007015	0	12
6433	7507	MESH:D001948	0	12
6432	6869	OMIM:182900	0	12
6431	10257	MESH:C536419	0	12
6430	4094	MESH:D004454	0	12
6429	174	MESH:D012892	0	11
6428	7010	MESH:D009394	0	11
6427	51196	MESH:D003715	0	11
6426	152330	MESH:D007805	0	11
6425	3814	MESH:C535477	0	11
6424	3872	MESH:D004370	0	11
6423	7486	MESH:D008579	0	11
6422	4363	MESH:C535521	0	11
6421	648	MESH:C537026	0	11
6420	1445	MESH:D049932	0	11
6419	4843	MESH:D018761	0	11
6418	1026	OMIM:610921	0	11
6417	820	MESH:D059226	0	11
6416	3814	MESH:C536974	0	11
6415	4282	MESH:D045888	0	10
6414	324	MESH:D003550	0	10
6413	26047	MESH:D001260	0	10
6411	23322	MESH:C537591	0	10
6410	3918	OMIM:611809	0	10
6409	573	MESH:D044584	0	10
6408	23322	MESH:D005547	0	10
6407	3162	MESH:D012391	0	10
6406	3630	OMIM:220110	0	10
6405	5155	MESH:D020339	0	10
6404	152330	MESH:D020817	0	10
6403	58484	MESH:D008072	0	10
6402	972	MESH:D053448	0	10
6401	3725	OMIM:160120	0	10
6400	6506	MESH:D013920	0	10
6399	406959	MESH:C536974	0	9
6397	7486	MESH:C538012	0	9
6396	2902	MESH:D031249	0	9
6394	10919	MESH:C535477	0	9
6393	2697	MESH:D001882	0	9
6392	185	MESH:D015211	0	9
6391	81037	MESH:D042822	0	9
6390	3429	OMIM:610921	0	9
6389	6059	OMIM:146820	0	9
6388	8856	OMIM:164200	0	9
6387	8647	MESH:D020192	0	9
6386	3265	MESH:D000130	0	9
6385	3202	MESH:D005207	0	9
6384	7157	MESH:C535280	0	9
6383	2475	MESH:D010013	0	9
6382	6336	MESH:D006338	0	9
6381	7082	MESH:D009394	0	8
6379	3708	OMIM:144750	0	8
6378	3596	MESH:C536840	0	8
6377	9734	MESH:D009072	0	8
6375	4864	MESH:C536394	0	8
6374	2056	MESH:D004670	0	8
6373	659	MESH:D003731	0	8
6372	3489	OMIM:613657	0	8
6371	2099	MESH:D057826	0	8
6370	26762	MESH:D019189	0	8
6369	4313	MESH:D017490	0	8
6368	56623	MESH:C536287	0	8
6367	3827	MESH:C535552	0	8
6366	1317	MESH:D001768	0	8
6365	1401	MESH:D018614	0	8
6364	538	MESH:C537047	0	8
6363	3123	OMIM:252500	0	8
6362	4318	MESH:C537531	0	8
6361	540	MESH:C536654	0	8
6360	4513	MESH:D020167	0	8
6358	1471	MESH:D010661	0	8
6357	26762	MESH:C536030	0	8
6356	3481	MESH:C535579	0	8
6355	9227	MESH:C536035	0	8
6354	4283	MESH:D014552	0	8
6353	7307	MESH:D024182	0	7
6352	1523	MESH:D054437	0	7
6351	4846	MESH:D002549	0	7
6350	2064	OMIM:612840	0	7
6349	9547	MESH:D054221	0	7
6347	999	MESH:D009477	0	7
6346	3762	MESH:C536974	0	7
6345	203286	MESH:D012174	0	7
6344	54806	OMIM:266900	0	7
6343	5054	MESH:C537340	0	7
6342	4683	MESH:D009072	0	7
6341	57412	MESH:D017772	0	7
6340	150684	OMIM:103900	0	7
6339	4089	MESH:C536580	0	7
6338	79600	MESH:D012174	0	7
6337	3718	MESH:C537788	0	7
6336	57447	OMIM:165800	0	7
6335	5168	MESH:C535932	0	7
6334	71	MESH:D017034	0	7
6333	1959	MESH:C536507	0	7
6332	7157	OMIM:300719	0	7
6331	122953	MESH:C536057	0	7
6330	4524	MESH:C535607	0	7
6328	150684	MESH:D002547	0	7
6327	3115	MESH:D019867	0	6
6326	5265	MESH:C538275	0	6
6325	8797	MESH:C536589	0	6
6322	5424	MESH:D020767	0	6
6321	3782	MESH:D006338	0	6
6320	501	MESH:C537398	0	6
6319	6622	OMIM:116920	0	6
6318	1012	MESH:C536633	0	6
6317	7490	MESH:D008594	0	6
6315	2057	OMIM:307150	0	6
6314	9	MESH:D013734	0	6
6313	6608	MESH:D014412	0	6
6312	55315	MESH:D015275	0	6
6311	3717	OMIM:244400	0	6
6310	54982	MESH:C536988	0	6
6309	10735	MESH:D056770	0	6
6308	5062	MESH:C537483	0	6
6306	8526	MESH:D015432	0	6
6305	28234	OMIM:300000	0	6
6304	9966	MESH:D017254	0	6
6303	7139	MESH:D009494	0	6
6302	1788	MESH:D058495	0	6
6301	4582	MESH:C548666	0	6
6300	23607	MESH:D003057	0	6
6299	5727	MESH:D015821	0	6
6298	858	MESH:C538346	0	6
6297	3767	OMIM:116920	0	6
6296	9360	OMIM:143890	0	6
6295	8743	MESH:D006954	0	6
6294	440854	MESH:D001249	0	5
6293	26470	MESH:D020512	0	5
6292	23671	MESH:C536974	0	5
6290	2954	MESH:D013180	0	5
6289	51312	MESH:D004915	0	5
6288	1543	OMIM:309200	0	5
6287	10133	MESH:D003655	0	5
6286	6497	OMIM:123100	0	5
6285	2740	MESH:C536652	0	5
6284	3605	OMIM:610926	0	5
6283	629	MESH:C536751	0	5
6282	1191	MESH:C535541	0	5
6281	2580	MESH:D020159	0	5
6280	4319	MESH:D018307	0	5
6279	2152	MESH:D012222	0	5
6278	1312	MESH:D004915	0	5
6277	6657	MESH:C538212	0	5
6276	51312	MESH:D030342	0	5
6275	5130	OMIM:108985	0	5
6274	4829	MESH:C537268	0	5
6273	3576	MESH:C536784	0	5
6272	2303	OMIM:602482	0	5
6271	5328	MESH:D008172	0	5
6270	57551	MESH:C536974	0	5
6269	23400	MESH:C535541	0	5
6268	2624	MESH:D017825	0	5
6267	10397	MESH:D002145	0	5
6266	79809	MESH:D020195	0	5
6265	2580	MESH:D018316	0	4
6264	6362	MESH:D018287	0	4
6263	84295	MESH:C536315	0	4
6262	91252	MESH:D008382	0	4
6261	1137	MESH:C537437	0	4
6260	1613	MESH:D018329	0	4
6259	205428	MESH:D020274	0	4
6258	79742	MESH:D000544	0	4
6257	111	MESH:C537923	0	4
6256	3166	MESH:D004426	0	4
6255	2177	OMIM:608836	0	4
6254	2020	MESH:D006259	0	4
6253	7082	MESH:D015537	0	4
6252	7515	MESH:D002145	0	4
6251	5294	MESH:C537629	0	4
6250	1139	MESH:D006547	0	4
6249	36	MESH:C538167	0	4
6248	54407	OMIM:608852	0	4
6247	58484	MESH:D006471	0	4
6246	9227	MESH:D018316	0	4
6245	1834	MESH:D004416	0	4
6244	5335	MESH:D016751	0	4
6243	2879	MESH:D004671	0	4
6242	4212	MESH:D003057	0	4
6241	2274	MESH:D011000	0	4
6240	2908	OMIM:141200	0	4
6239	136227	MESH:C536411	0	4
6238	5265	MESH:D056735	0	4
6237	3265	MESH:D017492	0	4
6236	10599	MESH:D050031	0	4
6235	540	MESH:C536815	0	4
6234	9365	MESH:D013734	0	4
6233	2952	MESH:D013180	0	4
6232	1277	MESH:D006359	0	4
6231	57104	MESH:C536663	0	4
6230	2308	MESH:C536309	0	4
6229	10238	MESH:D009373	0	4
6228	5629	MESH:C536904	0	3
6227	4602	MESH:C536215	0	3
6226	25953	MESH:D004314	0	3
6225	210	MESH:C531622	0	3
6224	10587	MESH:C536654	0	3
6223	10617	MESH:C537280	0	3
6222	8029	MESH:D015434	0	3
6221	3162	MESH:D014648	0	3
6220	623	MESH:D060426	0	3
6219	308	MESH:D054160	0	3
6218	22891	MESH:C538336	0	3
6217	5727	MESH:D006552	0	3
6216	79719	MESH:D017499	0	3
6215	59350	MESH:C537268	0	3
6214	5111	MESH:C535542	0	3
6213	729920	MESH:D002386	0	3
6212	493856	OMIM:604802	0	3
6211	80070	MESH:D005134	0	3
6210	10806	MESH:C537714	0	3
6209	8036	MESH:D007057	0	3
6208	4311	OMIM:264300	0	3
6207	4036	MESH:C536428	0	3
6206	3784	MESH:D003635	0	3
6205	1375	OMIM:266500	0	3
6204	54433	OMIM:613640	0	3
6203	6648	MESH:D003665	0	3
6202	3480	MESH:D052159	0	3
6201	8647	MESH:D001010	0	3
6200	25802	MESH:D009223	0	3
6199	51163	MESH:D057177	0	3
6198	2739	MESH:D010214	0	3
6197	25793	MESH:D007088	0	3
6196	5424	MESH:D013684	0	3
6195	4153	MESH:D006828	0	3
6194	8655	MESH:D000796	0	3
6193	91252	MESH:D004392	0	3
6192	7869	MESH:D006627	0	3
6191	1523	OMIM:601308	0	3
6190	2296	MESH:D054092	0	3
6189	5032	MESH:D010262	0	3
6188	4322	MESH:D020167	0	3
6186	7094	MESH:D013734	0	3
6185	6774	OMIM:269700	0	3
6184	10018	MESH:C536394	0	3
6183	7026	MESH:D007020	0	3
6182	4808	MESH:D006963	0	3
6181	3737	MESH:C536068	0	2
6180	501	OMIM:165550	0	2
6179	196	OMIM:219200	0	2
6178	23780	MESH:C537163	0	2
6177	111	MESH:C536423	0	2
6176	124512	MESH:D015419	0	2
6175	2260	MESH:D018784	0	2
6174	7317	MESH:C535282	0	2
6173	23322	MESH:D014897	0	2
6172	6580	MESH:C538167	0	2
6171	5048	MESH:C536227	0	2
6170	10133	MESH:D005598	0	2
6169	26762	MESH:D015537	0	2
6168	780851	MESH:C538481	0	2
6167	284403	MESH:D054069	0	2
6166	25836	MESH:C538287	0	2
6165	6494	MESH:C536211	0	2
6164	406971	MESH:C535509	0	2
6163	5168	MESH:D012793	0	2
6162	729920	MESH:D014606	0	2
6161	5469	MESH:D017728	0	2
6160	91252	MESH:C535911	0	2
6159	50616	MESH:D019568	0	2
6158	72	MESH:C548666	0	2
6157	440854	MESH:D008067	0	2
6156	84152	MESH:D045908	0	2
6155	7077	MESH:D055008	0	2
6154	2203	MESH:C535808	0	2
6153	10	OMIM:182900	0	2
6152	493856	MESH:D016638	0	2
6151	400500	MESH:D018450	0	2
6150	8647	OMIM:181030	0	2
6149	79080	MESH:C536030	0	2
6148	217	MESH:D017042	0	2
6147	91252	MESH:C537666	0	2
6146	3799	MESH:D020269	0	2
6145	79742	OMIM:256810	0	2
6144	10020	MESH:C537384	0	2
6143	5925	MESH:C535280	0	2
6142	63970	MESH:D016583	0	2
6141	1230	MESH:D058566	0	2
6140	4094	OMIM:254600	0	2
6139	348	MESH:C536844	0	2
6138	71	OMIM:178300	0	2
6137	5468	MESH:C536836	0	2
6136	166752	MESH:D012512	0	2
6135	3725	MESH:D038642	0	2
6134	2332	MESH:D054078	0	2
6133	384	MESH:C537243	0	2
6132	63982	OMIM:607208	0	2
6131	5727	MESH:D027601	0	2
6130	3417	MESH:D018198	0	2
6129	9365	MESH:C537491	0	2
6128	406994	MESH:D002313	0	2
6127	57412	MESH:D003231	0	2
6126	372	MESH:D000690	0	2
6125	51341	MESH:C538659	0	2
6124	6574	MESH:C536128	0	2
6123	1969	MESH:C536600	0	2
6122	79809	MESH:D013920	0	2
6121	780851	MESH:D000544	0	2
6120	54503	MESH:D005134	0	2
6119	84634	OMIM:165800	0	2
6118	2052	MESH:D018290	0	2
6117	51684	MESH:D006552	0	2
6116	540	MESH:C537591	0	2
6115	4318	MESH:D009380	0	1
6114	538	OMIM:608747	0	1
6113	27242	MESH:D052517	0	1
6112	5168	MESH:C537097	0	1
6111	55630	MESH:C535838	0	1
6110	26762	MESH:D008202	0	1
6109	79080	MESH:C537590	0	1
6108	1317	MESH:D024741	0	1
6107	9021	MESH:C535426	0	1
6106	72	MESH:D018589	0	1
6105	1318	MESH:D012497	0	1
6104	55759	MESH:C536974	0	1
6103	200931	MESH:D002137	0	1
6102	2152	MESH:C537233	0	1
6101	6678	MESH:D001656	0	1
6100	53345	MESH:D011019	0	1
6099	25836	MESH:C535720	0	1
6098	8841	MESH:D016643	0	1
6097	282808	MESH:D056770	0	1
6096	3115	OMIM:611881	0	1
6095	5179	MESH:D018227	0	1
6094	55532	MESH:D025861	0	1
6093	8787	MESH:C535600	0	1
6092	55906	MESH:D009122	0	1
6091	6671	OMIM:608567	0	1
6090	3166	MESH:C536482	0	1
6089	1280	MESH:D006956	0	1
6088	7447	MESH:D003291	0	1
6087	3383	MESH:D018877	0	1
6086	90427	OMIM:269700	0	1
6085	84634	MESH:C531766	0	1
6084	22806	MESH:D006547	0	1
6083	1241	MESH:C537675	0	1
6082	6367	MESH:C536210	0	1
6081	10788	MESH:D046152	0	1
6080	1139	MESH:C536633	0	1
6079	10046	MESH:C537950	0	1
6078	3782	OMIM:607086	0	1
6077	166752	MESH:D000987	0	1
6076	72	MESH:D005660	0	1
6075	56999	MESH:C535875	0	1
6073	8436	OMIM:606217	0	1
6072	4838	MESH:C536177	0	1
6071	729920	MESH:C535597	0	1
6070	8029	MESH:D015537	0	1
6069	352909	MESH:C538511	0	1
6068	124512	OMIM:146350	0	1
6067	26585	MESH:C537022	0	1
6066	359	MESH:D018981	0	1
6065	119391	MESH:C537101	0	1
6064	442911	MESH:D012140	0	1
6063	805	MESH:D006627	0	1
6062	2030	MESH:D006556	0	1
6061	91252	MESH:D018213	0	1
6060	23476	MESH:D017488	0	1
6059	54503	MESH:D028243	0	1
6058	493856	MESH:C531680	0	1
6057	23218	MESH:D011125	0	1
6056	26470	MESH:D012561	0	1
6055	558	MESH:D013120	0	1
6054	23347	MESH:D006223	0	1
6053	3303	MESH:D056151	0	1
6052	91252	MESH:D014647	0	1
6051	54458	MESH:D010520	0	1
6050	8029	OMIM:611718	0	1
6049	574447	OMIM:252500	0	1
6048	4843	MESH:C535708	0	1
6047	114990	MESH:C535808	0	1
6046	2175	MESH:D005310	0	1
6045	442911	OMIM:162820	0	1
6044	170679	MESH:D003925	0	1
6043	407029	MESH:D006819	0	1
6042	55315	MESH:C538579	0	1
6041	196	OMIM:119530	0	1
6040	55906	MESH:C536988	0	1
6039	1947	OMIM:608747	0	1
6038	406947	OMIM:254600	0	1
6037	3799	MESH:C536207	0	1
6036	10806	MESH:C536830	0	1
6035	4322	MESH:C535726	0	1
6034	5578	MESH:D018981	0	1
6033	55630	OMIM:142330	0	1
6032	79742	MESH:D005134	0	1
6031	2052	OMIM:251000	0	1
6030	10238	MESH:C537221	0	1
6029	3064	MESH:D006104	0	1
6028	6059	OMIM:610921	0	1
6027	635	OMIM:209500	0	1
6026	4868	MESH:D004823	0	1
6025	4322	MESH:C536093	0	1
6024	867	MESH:D013625	0	1
6023	51684	MESH:D027601	0	1
6022	54503	MESH:D000306	0	1
6021	8856	MESH:D007412	0	1
6020	91252	MESH:D000848	0	1
6019	2950	MESH:D059411	0	1
6018	5243	OMIM:226730	0	1
6017	124512	MESH:D056770	0	1
6016	51752	MESH:D004760	0	1
6015	23765	MESH:D002057	0	1
6014	8029	OMIM:602081	0	1
6013	3547	MESH:D018191	0	1
6012	8477	MESH:D020275	0	1
6011	150684	MESH:D015433	0	1
6010	166752	OMIM:163000	0	1
6009	71	MESH:C536148	0	1
6008	1017	MESH:C536135	0	1
6007	150684	MESH:C537334	0	1
6006	64802	MESH:C535478	0	1
6005	6566	MESH:C531759	0	1
6004	4524	MESH:D020241	0	1
6003	478	MESH:D000130	0	1
6002	5579	MESH:D009383	0	1
6001	573	MESH:D055577	0	1
