3872	10001	219541	1	4
3923	10007	132789	1	1
3292	10010	29110	1	37
289	10013	60489	1	1
660	10014	79718	1	4
2377	10015	85365	1	9
857	10016	553115	1	1
1613	1003	1499	1	153
1036	10036	55723	1	7
400	10040	54472	1	1
3336	10048	54994	1	2
1719	10049	10273	1	1
3321	10051	10592	1	65
2191	10054	10055	1	65
1032	10075	10213	1	2
3234	10092	10095	1	5
3837	10093	10109	1	12
165	10094	10095	1	6
3161	10095	10096	1	8
1490	10096	10109	1	30
2588	10097	23640	1	1
4001	10109	57180	1	1
2766	10120	10121	1	2
1938	10121	51164	1	14
1482	10133	10318	1	3
1538	10155	23411	1	7
3284	1017	5925	1	318
2601	10188	84941	1	2
3253	10189	57187	1	15
3830	1019	1029	1	551
43	10197	57379	1	1
2584	1020	4734	1	3
3708	10204	23636	1	17
1470	10207	10413	1	1
862	1021	1029	1	275
4503	10211	10818	1	3
1260	10212	84324	1	5
2183	10213	11047	1	5
2577	1022	2960	1	3
1762	10226	23111	1	5
1124	10236	10291	1	1
320	1024	55090	1	4
2712	10241	440738	1	1
3538	1025	5430	1	33
252	10254	10617	1	6
4483	1026	10133	1	6
3028	1027	8900	1	23
1744	10273	120892	1	1
4460	10274	23244	1	3
2960	1029	6597	1	41
1503	103	3178	1	9
3267	10325	57521	1	4
2671	10328	56851	1	1
3594	10376	10576	1	2
662	10383	203068	1	11
1644	1039	4609	1	14
1844	10393	29945	1	11
4297	104	5300	1	1
1901	10403	25936	1	26
1378	10413	51421	1	3
1226	10419	79084	1	8
1942	10421	10713	1	1
1518	10426	114791	1	6
1717	10440	51025	1	15
4208	10454	23118	1	6
1735	10459	51455	1	42
923	10466	91949	1	12
3952	10477	79594	1	2
3018	10482	51194	1	3
3255	10494	11235	1	3
2683	10497	22999	1	12
3733	1050	7337	1	5
1299	1051	1649	1	75
4604	10514	55646	1	1
457	10524	126961	1	4
2346	10533	81631	1	39
1297	10534	10856	1	1
4052	10537	23542	1	1
2304	10539	57019	1	3
4228	10540	11258	1	2
157	10556	10940	1	10
1970	10564	57104	1	2
314	10567	84708	1	1
130	10572	50943	1	3
4392	10574	10575	1	15
2887	10576	64223	1	1
1427	1058	9212	1	87
3108	10580	10818	1	1
1961	10592	64151	1	7
631	10594	10921	1	3
1643	10613	84447	1	2
1960	10616	64127	1	1
262	10617	57132	1	3
4586	1062	5594	1	11
3456	10625	11100	1	3
3720	10634	30011	1	1
3605	10652	51272	1	9
2190	10657	23368	1	4
296	10664	23512	1	24
4013	10670	64121	1	6
633	10673	23495	1	116
317	10691	84676	1	5
4366	10694	22948	1	14
2219	1072	3984	1	99
2856	10735	23244	1	2
2978	10771	11244	1	1
1606	10783	91754	1	11
3924	10787	23191	1	8
751	10799	54913	1	9
1224	1080	51257	1	2
3969	10800	57105	1	43
2141	10801	30011	1	1
3598	10849	25885	1	2
2230	10856	26060	1	3
509	10892	23118	1	5
302	10902	55257	1	6
4634	10910	11243	1	1
3655	10919	10951	1	17
4505	10920	50813	1	11
2110	10921	11051	1	2
1863	10933	79728	1	2
3010	10938	30844	1	10
150	10946	22827	1	1
933	10951	84787	1	5
4282	10952	29927	1	56
2	10956	51148	1	1
1072	10959	64689	1	4
850	10971	26064	1	1
913	10972	54732	1	25
2021	10980	50813	1	5
2894	10987	64708	1	4
3758	10989	440574	1	2
831	11011	55723	1	4
2079	1104	5901	1	102
3379	11047	51377	1	6
1436	1105	54623	1	3
1624	11059	11060	1	14
3963	11060	154796	1	1
890	11065	51529	1	6
1811	1107	3065	1	17
1884	1108	53615	1	18
4038	11080	100505705	1	1
499	11091	58508	1	5
4258	1111	8451	1	17
1208	11130	79003	1	16
2609	11140	65018	1	7
361	11143	79960	1	1
3000	11152	55102	1	2
123	11160	83590	1	1
843	11184	29760	1	8
3833	11186	55201	1	4
2735	11218	50628	1	21
2276	11236	81502	1	3
3227	11243	79980	1	4
50	11252	29993	1	5
4427	11267	84313	1	13
3313	11275	59349	1	1
3509	11316	22820	1	3
2947	11335	23468	1	20
4234	11336	60412	1	69
2907	11337	64422	1	21
1974	11338	22827	1	9
1219	11339	54069	1	5
162	11340	56915	1	17
1664	11345	91754	1	2
3432	1147	3551	1	396
2852	1152	140462	1	2
3990	1153	3190	1	3
1990	1154	2690	1	16
2790	1158	140462	1	2
3328	1159	140462	1	1
3723	1161	2074	1	19
3985	1173	2060	1	4
4035	1175	1956	1	2
3508	1176	8943	1	1
947	1191	2547	1	5
3458	1193	23327	1	2
652	1196	79753	1	1
1940	1200	80169	1	4
3309	1201	23392	1	1
1515	1207	6634	1	3
2244	1211	10459	1	1
2107	1212	1213	1	7
3840	1213	84557	1	3
3531	1232	6352	1	196
1540	1244	4790	1	1
1782	1294	3911	1	1
4400	1308	3691	1	9
2500	1312	9319	1	1
4184	1314	22818	1	11
3967	1315	22820	1	4
2610	1316	6667	1	30
1380	1326	4790	1	25
3692	1385	4773	1	22
425	1386	2353	1	145
211	1387	5970	1	116
4471	1398	5296	1	20
3080	1399	9564	1	13
2028	1400	1808	1	14
1062	1407	1408	1	181
3880	1408	5187	1	107
2173	1409	1410	1	52
4048	1410	6622	1	2
4286	142	28992	1	1
12	143	9961	1	3
1132	1432	64333	1	2
1018	1445	1956	1	85
1743	1452	4193	1	22
1122	1453	4193	1	5
376	1454	8312	1	9
2981	1457	7529	1	2
4623	1459	1460	1	8
153	1460	9575	1	1
826	1482	4089	1	14
3656	1487	1488	1	30
1937	1488	5629	1	1
3464	1495	1956	1	12
2225	1499	284252	1	7
829	1500	2017	1	22
1963	1523	6657	1	10
2824	154	4734	1	2
3616	1540	10293	1	2
338	154796	154810	1	6
4657	160	1173	1	2
3658	1601	30011	1	3
4450	161	2060	1	2
1860	1615	3376	1	1
775	1616	11186	1	5
2785	162	1956	1	2
2450	1627	2885	1	1
3989	1628	1649	1	6
3165	163	1173	1	3
3976	1634	4233	1	1
987	1639	1780	1	2
2360	164	1213	1	6
4369	1642	51138	1	1
644	1643	7507	1	42
3981	1647	4193	1	117
4114	1649	8452	1	1
3950	1653	3178	1	5
2743	1654	8664	1	1
1993	1655	10521	1	28
1797	1656	219988	1	3
3048	166	7088	1	8
554	1660	5610	1	7
2714	1665	54984	1	1
2871	1676	7534	1	1
1542	1678	26517	1	20
3769	1728	7157	1	104
340	1731	5413	1	9
4203	1737	8050	1	7
1371	1739	8825	1	16
3695	1742	9229	1	40
464	1756	6641	1	4
401	1760	3316	1	2
619	1763	5932	1	28
1755	1778	23299	1	1
2524	1780	23299	1	1
2744	1781	51143	1	7
1521	1783	8655	1	10
4055	1785	9051	1	2
1611	1786	10155	1	8
778	1788	8353	1	1
3520	1789	23468	1	61
1454	1793	2885	1	20
1348	1796	6714	1	22
2402	1813	10681	1	2
3402	1822	6477	1	3
611	1823	1829	1	23
1880	1825	11187	1	7
3127	1827	5530	1	2
734	1828	11187	1	10
3429	1829	11187	1	13
1186	183	1636	1	580
284	1830	11187	1	10
2333	1832	3728	1	1
1736	1839	7704	1	9
1722	1840	4851	1	37
3482	1855	120892	1	1
2946	1856	120892	1	1
4293	1857	120892	1	1
3252	1861	163590	1	4
3543	1869	8204	1	10
3248	1874	7514	1	7
1086	1876	7029	1	9
350	1891	6774	1	5
2953	1896	5350	1	1
4590	1911	7703	1	14
4653	1912	7703	1	9
218	1915	6780	1	2
1050	1917	1933	1	9
135	1933	1937	1	10
2009	1936	1937	1	12
577	1937	84675	1	1
1239	1950	1956	1	423
4636	1954	6314	1	1
789	1956	6774	1	405
4005	196	2033	1	27
3677	1965	1968	1	12
1815	1967	8891	1	4
2764	1973	1981	1	156
3745	197370	493861	1	1
1157	1974	3315	1	7
3856	1977	8637	1	9
1809	1978	2475	1	335
2247	1982	3315	1	4
1225	1994	23512	1	4
4000	2002	5594	1	228
2282	2010	4000	1	75
4272	2017	10109	1	12
468	2021	3308	1	8
3359	2023	10625	1	3
1598	2033	57658	1	6
2647	2034	7428	1	186
3884	2035	4926	1	5
2045	2037	2286	1	2
3370	2058	51520	1	3
1443	2059	10458	1	17
1704	2060	50618	1	5
4391	2064	2885	1	164
2629	2065	5295	1	62
257	2066	51741	1	8
2475	2067	7507	1	96
2492	207	8517	1	77
491	2071	404672	1	11
4094	2072	84464	1	14
387	2074	7507	1	34
3540	2099	51720	1	6
2705	2100	4436	1	9
3049	2101	8648	1	8
2389	2103	3320	1	3
2927	2113	7157	1	137
2789	2118	6794	1	2
629	2125	5493	1	6
3853	213	2217	1	4
3514	2130	23512	1	2
1468	2138	3014	1	3
1409	2139	6495	1	10
2663	2145	23512	1	16
4602	2146	8290	1	2
901	2149	10672	1	7
40	2175	199990	1	2
2086	2176	199990	1	1
1170	2177	56852	1	17
4250	2178	199990	1	1
3676	2185	2934	1	10
1105	2189	10935	1	2
3819	2192	2335	1	9
1793	2197	6217	1	14
2268	220134	348235	1	7
1360	2237	7486	1	43
35	2247	6382	1	59
640	2257	23542	1	2
2994	2258	23542	1	1
3907	2259	6334	1	1
1209	226	230	1	12
3672	2260	4734	1	5
854	2263	4734	1	3
2415	2268	10657	1	2
434	2273	3741	1	1
4063	2280	7040	1	17
423	22818	22820	1	4
3828	22823	23512	1	3
4030	22827	23451	1	6
3944	22837	29993	1	1
2974	22863	30849	1	27
3104	22878	60684	1	1
1950	2288	3315	1	10
622	22889	27339	1	1
1612	2289	2908	1	36
1800	22919	55755	1	9
4213	22930	25782	1	2
1559	22938	23411	1	2
4	22948	29966	1	1
4532	22954	84062	1	2
3998	2298	200350	1	3
1721	22999	26059	1	6
1496	23012	55233	1	3
2216	23019	27327	1	3
2051	2302	5990	1	3
3665	23028	165918	1	1
2859	2305	51343	1	1
3301	23062	26088	1	44
3410	23065	93380	1	1
2512	23077	55294	1	1
2347	2308	23411	1	111
4310	2309	7531	1	3
444	23102	23710	1	1
3156	23111	83737	1	5
675	23112	27161	1	12
3030	23136	23705	1	6
3945	2314	9208	1	7
1285	23157	30011	1	1
3972	2316	4000	1	5
1964	23163	26088	1	33
2701	2317	3688	1	5
3062	23172	79184	1	2
2459	2318	6445	1	3
3213	23190	29979	1	2
4116	23192	81631	1	12
1495	23197	79139	1	7
4538	23199	55758	1	1
4151	2321	3791	1	840
2426	2322	6503	1	1
4613	23235	200186	1	6
1617	23239	219333	1	1
3753	23246	55759	1	12
4618	23279	81929	1	11
2388	23286	154796	1	1
2922	23308	29851	1	61
2788	2332	9513	1	27
623	23327	57561	1	4
3826	2335	3838	1	4
3399	23352	56888	1	1
1015	23376	80279	1	3
4198	23383	25836	1	36
3866	23397	64151	1	7
2119	23405	50628	1	10
3767	23411	57805	1	17
3175	23423	64689	1	4
18	23468	84787	1	14
4413	23481	55759	1	11
3311	23492	84108	1	8
3566	23512	26147	1	2
3212	23523	100271849	1	1
798	2353	3725	1	1165
3551	2355	3725	1	138
1480	23586	57506	1	190
1395	23603	57175	1	4
2569	23607	29760	1	4
4156	23621	26088	1	7
3586	23636	53371	1	14
931	23708	26986	1	4
3151	23710	89890	1	1
3737	23746	51667	1	4
10	23770	54583	1	5
2640	2475	64223	1	83
4124	2494	8431	1	21
3209	2495	3315	1	12
3846	25	1796	1	16
271	2521	3192	1	1
3642	2533	3937	1	45
3557	2534	10040	1	2
2250	2539	3315	1	7
693	2547	4193	1	36
1168	2549	4233	1	41
3904	2551	9817	1	10
2005	25764	80155	1	1
3116	25793	65018	1	9
273	25804	51690	1	18
1161	25843	26127	1	1
485	25855	25942	1	5
3421	25885	84172	1	2
1905	25906	51433	1	3
3968	25913	26277	1	61
83	25920	51497	1	1
2403	25929	26871	1	2
2624	25936	57082	1	16
1354	25942	83855	1	7
3501	2597	23411	1	118
4231	26038	57459	1	1
1222	26060	51094	1	10
2783	26086	84557	1	3
1031	26100	55054	1	5
1500	26121	56259	1	1
4407	26127	29966	1	1
3442	26136	55740	1	1
4216	26168	81887	1	1
1300	2617	2673	1	1
3211	2618	5471	1	4
2979	26228	30011	1	2
584	2624	4089	1	21
3107	26249	65266	1	1
4652	26271	29945	1	3
4577	26276	63894	1	3
4209	2631	8878	1	2
2659	2643	7534	1	2
899	2648	6881	1	10
1022	26517	26521	1	1
2495	26523	27161	1	219
244	26524	51421	1	2
2854	26574	28996	1	3
4402	26610	55250	1	6
4018	2664	53917	1	1
2210	2665	3315	1	4
3836	267	7706	1	1
3173	2690	3717	1	35
4491	26986	57690	1	7
3446	26994	51619	1	1
3964	27	1398	1	4
99	27043	79707	1	1
2481	27063	84675	1	2
3009	27072	57617	1	17
2874	27086	50943	1	20
790	27095	79090	1	14
4569	27161	50628	1	11
1730	27248	84447	1	12
4536	27258	84967	1	1
3299	27335	51386	1	1
3153	27338	51529	1	1
1185	27339	56259	1	2
1085	2735	10189	1	1
1914	2736	8405	1	2
1711	2773	26086	1	1
2944	2782	10399	1	6
247	2783	55970	1	3
1566	2801	5861	1	42
2594	2810	7534	1	2
3751	2833	4283	1	220
1600	286	84033	1	1
1516	2873	79595	1	1
2729	2874	10928	1	1
4594	2879	9588	1	7
645	2885	10188	1	12
3285	2886	5747	1	20
841	2887	11123	1	1
3475	2908	10155	1	3
1037	29086	84142	1	2
4141	29089	55120	1	7
3474	29107	56000	1	1
502	29110	340061	1	26
1179	2932	4040	1	110
4541	2935	23708	1	4
455	2950	7186	1	3
2546	2956	5111	1	84
2297	2957	9519	1	4
3891	2958	9519	1	5
3160	2960	2965	1	8
4247	2965	2966	1	20
2299	2966	404672	1	10
3599	2969	4193	1	3
1745	29760	30011	1	3
2679	29882	64682	1	2
3571	29888	29966	1	2
550	29889	55646	1	1
1137	29890	64783	1	6
4185	29945	51529	1	12
3448	29959	81628	1	1
232	29966	51765	1	1
4651	2997	5565	1	1
3936	29979	148022	1	2
1073	29993	55114	1	1
2977	30011	92799	1	3
2312	3006	8726	1	1
2758	3008	10919	1	3
2189	3009	5578	1	2
2762	3014	4683	1	156
2572	3015	80314	1	4
67	302	2130	1	1
1700	3024	5578	1	1
3915	3043	26986	1	2
418	3050	6667	1	17
4218	3054	3607	1	1
1228	3055	10657	1	4
2864	3064	3312	1	32
1389	3065	5371	1	31
3053	3066	23028	1	31
1757	3070	79968	1	1
4447	30819	80333	1	4
2816	3082	4233	1	275
902	3091	6759	1	1
666	3093	7316	1	7
569	3096	4088	1	3
758	310	85365	1	3
2104	311	85365	1	3
3757	312	4734	1	1
3169	3146	6927	1	1
4639	3156	3638	1	28
4279	3161	6790	1	12
2837	3164	10549	1	1
1463	3169	8554	1	3
3403	3172	7329	1	7
3447	3174	8648	1	2
2392	3178	3608	1	10
1662	3181	5725	1	23
1254	3183	79728	1	1
1198	3184	5725	1	16
2222	3190	27316	1	4
3007	3191	3609	1	7
3651	3192	27044	1	1
4656	3205	7205	1	1
2893	322	57616	1	1
695	324	1499	1	101
3932	3265	83593	1	12
3654	3276	64750	1	2
1890	328	23411	1	7
3195	329	8767	1	14
1064	3297	55294	1	4
430	330	7321	1	5
3440	3301	10013	1	2
2130	3303	5071	1	3
422	3305	3309	1	12
204	3308	7189	1	28
4441	3309	10130	1	24
2933	331	1869	1	23
1466	3310	11080	1	4
3158	3312	10273	1	5
2150	3313	131118	1	17
1339	3315	7520	1	7
265	332	55143	1	11
1804	3320	120892	1	25
3749	3326	4171	1	3
4081	334	3725	1	14
4381	3364	5810	1	58
337	3376	4141	1	1
2421	338	1956	1	40
2022	3385	4478	1	11
2901	3396	51073	1	1
3815	3397	4654	1	35
1016	3398	4654	1	30
3017	3399	6925	1	17
2674	3400	6925	1	13
4498	3428	29108	1	12
364	3434	3437	1	85
2169	3454	23291	1	4
713	3475	4654	1	5
1527	3476	5531	1	1
975	3480	7532	1	5
315	351	54103	1	3
3164	3516	4204	1	8
1060	355	356	1	514
565	3551	10987	1	5
4075	356	4690	1	8
111	3567	3568	1	49
2262	3604	7185	1	16
1848	3607	25942	1	1
2470	3608	3609	1	21
2207	3609	4174	1	1
3680	3611	6251	1	8
2453	3614	3615	1	6
1322	3619	9212	1	150
3874	3635	30011	1	2
1428	3638	11160	1	1
227	3646	8667	1	11
1411	3654	7189	1	270
1802	3655	3688	1	101
243	3656	7189	1	60
342	3661	340061	1	29
925	3662	7189	1	18
3650	3663	6737	1	11
1567	3667	3717	1	47
1616	367	9759	1	14
3450	3676	7412	1	113
3134	3678	3690	1	33
701	3680	3688	1	11
3232	3685	3688	1	60
329	3688	5747	1	71
1045	369	11140	1	3
4453	3690	23421	1	1
411	3693	10298	1	2
2567	3702	10657	1	8
2509	3716	10399	1	5
267	372	22820	1	3
2896	3720	23512	1	21
4603	3725	11016	1	16
241	3726	10538	1	16
1323	3727	64326	1	2
1334	3728	8453	1	1
2709	373	5987	1	3
414	3735	9255	1	6
3033	3739	84708	1	1
82	3745	23327	1	1
580	375	23163	1	13
2506	3777	7529	1	1
1706	378	25898	1	1
1129	3791	7422	1	1626
474	3798	64837	1	3
3470	3799	3831	1	14
2162	382	10640	1	7
494	3821	3824	1	219
458	3831	64837	1	13
809	3836	5315	1	1
2649	3837	10526	1	1
1701	3838	5970	1	5
690	3842	10527	1	8
2725	3843	81887	1	1
2473	3845	5900	1	31
4263	3856	8517	1	2
4465	387	9826	1	22
237	3875	8717	1	15
1663	389	396	1	10
3200	3897	7430	1	2
1698	3921	55720	1	1
3648	3932	9094	1	5
3775	3937	9402	1	46
3297	3939	10397	1	4
692	396	998	1	82
2602	3978	5111	1	29
1924	3980	7515	1	104
1778	3981	11284	1	15
3171	3993	84612	1	2
1259	4000	8888	1	2
1399	4001	5451	1	7
3245	4005	22924	1	1
2826	4015	30011	1	1
4439	402	5147	1	3
4276	4035	7057	1	34
3425	4040	8312	1	109
4480	4041	8312	1	90
2612	405	3091	1	424
4581	406	11091	1	2
877	4067	10657	1	10
4643	407	408	1	16
1921	4077	8878	1	22
538	408	1445	1	1
1352	4085	29945	1	8
694	4086	79084	1	1
3920	4087	8850	1	10
3604	4088	23327	1	8
1659	4089	55802	1	4
2277	409	57561	1	1
1763	4091	64750	1	17
2030	4092	57154	1	29
335	4097	4780	1	14
31	4100	54780	1	1
3791	4131	6788	1	2
395	4137	10381	1	4
4443	4140	7531	1	1
2387	4141	9255	1	1
3443	4144	27430	1	5
820	4149	4601	1	2
2919	4155	5595	1	85
2969	4170	8239	1	10
1419	4171	8350	1	1
2844	4172	11284	1	1
769	4173	4176	1	57
4500	4174	8359	1	1
1532	4175	81620	1	29
3610	4176	4609	1	37
4191	4188	5565	1	1
724	4193	5925	1	244
359	4194	7157	1	130
4202	4204	23468	1	46
1336	4205	7329	1	13
3468	4208	9734	1	16
4152	4214	7186	1	31
904	4215	4734	1	1
1381	4216	30011	1	3
4343	4217	7186	1	61
3469	4218	4957	1	3
4515	4221	8826	1	2
2656	4233	26018	1	2
9	4234	7165	1	1
1207	4281	5515	1	5
1439	4287	7415	1	21
3580	4292	9156	1	49
4364	4297	6502	1	5
1614	4298	4299	1	22
4537	4301	10580	1	7
3679	4313	10298	1	2
316	4355	8825	1	1
4358	4361	9656	1	96
2199	439	10952	1	8
2769	440	28960	1	1
2583	4436	51426	1	9
116	4478	6693	1	26
1929	4582	6714	1	45
194	4602	55294	1	8
4360	4607	84676	1	5
2552	4609	27246	1	2
4591	4613	23411	1	19
1102	4615	7874	1	1
1196	4618	6938	1	3
2637	4627	10398	1	3
500	4633	5315	1	2
3641	4637	79784	1	17
2878	4646	10755	1	13
3525	4654	80854	1	1
4401	4659	9891	1	1
1947	467	3725	1	159
1415	4670	6143	1	1
1175	4673	4676	1	5
1627	468	3725	1	88
126	4683	9656	1	72
256	4686	57187	1	13
874	4690	7454	1	52
3588	4691	4869	1	44
1474	4692	7157	1	15
1243	4703	84665	1	1
1798	471	7531	1	1
747	472	4193	1	148
2827	473	3065	1	5
2719	4734	9616	1	1
620	4735	55752	1	14
3983	4738	7428	1	17
4201	4739	51343	1	1
4374	4751	29945	1	5
4585	4771	9368	1	10
479	4772	6597	1	4
2518	4773	5601	1	6
2056	4779	9817	1	3
2774	4780	8945	1	1
3088	4790	5971	1	396
2376	4791	55294	1	4
2759	4792	8945	1	26
1997	4793	5970	1	151
1801	4794	5970	1	81
3043	4798	51377	1	1
518	4800	4802	1	33
2560	4801	4802	1	76
2198	4802	22926	1	4
3331	4804	28986	1	3
865	4809	26747	1	1
3445	4830	4831	1	65
872	4831	10963	1	2
3172	4841	6421	1	31
4122	4842	5587	1	1
1633	4843	84727	1	3
706	4850	7322	1	9
3084	4851	8665	1	2
4099	4852	7376	1	1
1810	4862	56938	1	18
1580	4869	100133941	1	3
2530	488	1956	1	11
3295	4904	6195	1	9
4368	4905	9342	1	9
2411	4924	5743	1	3
3821	4928	8480	1	31
2477	4943	11345	1	1
1054	498	1956	1	7
2490	4988	10987	1	1
110	5007	9217	1	7
2201	5015	6310	1	2
1547	5036	6138	1	1
1150	5048	54820	1	35
1092	5049	5050	1	6
2026	5052	10549	1	31
2317	5058	8874	1	6
909	506	84676	1	1
2120	50618	89848	1	1
3341	5062	5879	1	49
1121	5071	7417	1	1
217	50813	64708	1	3
2259	50855	56288	1	55
1525	509	1956	1	2
860	5092	6927	1	6
4270	50943	116113	1	3
202	51002	55644	1	5
2088	51009	84447	1	11
721	51013	56915	1	14
1822	51016	56851	1	1
2447	51025	131118	1	18
2186	51028	84313	1	22
3649	51100	56904	1	1
2325	5111	5429	1	28
818	51112	58485	1	2
1589	51117	84274	1	3
1025	51127	56658	1	6
389	51138	64708	1	3
3335	51160	51271	1	1
1761	51164	55860	1	3
3499	5119	10617	1	4
2925	51234	93380	1	1
4176	51246	85365	1	1
2632	51271	137492	1	1
893	51343	51434	1	3
1040	51361	64400	1	1
2651	51399	51693	1	3
954	51400	55844	1	1
1363	51433	64682	1	18
4072	51434	64682	1	11
2140	51439	84447	1	1
3298	51455	199990	1	1
900	51465	84447	1	14
3759	51506	80279	1	1
2212	51542	55275	1	8
4570	51552	80230	1	3
2016	51569	79876	1	6
1286	5159	5781	1	40
341	51619	64320	1	1
2338	5163	57521	1	45
1579	51647	64210	1	2
940	51693	60684	1	1
4580	51699	55737	1	36
1335	5192	5824	1	23
2352	5193	5824	1	21
3217	5194	5830	1	40
4442	5195	5824	1	24
3095	5201	5204	1	2
2196	5202	5204	1	1
1835	5203	7411	1	1
2580	5204	7411	1	1
2865	5211	5213	1	13
1886	5213	5214	1	8
907	5252	8243	1	1
3424	5265	10956	1	2
647	527	29956	1	1
1991	5289	8678	1	75
3611	529	9550	1	1
2736	5290	8503	1	15
2952	5291	8503	1	13
1856	5294	23533	1	10
546	5295	9047	1	2
1581	5300	5315	1	1
1849	5307	6399	1	4
4568	5310	9734	1	6
3118	5315	5594	1	17
2013	5321	10938	1	1
868	5328	5329	1	242
2771	5335	8660	1	3
2081	5336	29760	1	51
2135	5337	7428	1	1
4531	5339	9924	1	2
2095	5346	51099	1	22
1697	5347	10010	1	2
2293	5356	27339	1	10
1746	53615	57459	1	11
1909	5371	6772	1	40
4357	53840	85363	1	11
1928	54107	54108	1	3
1402	5411	10921	1	5
1218	5413	23157	1	15
1879	5420	9351	1	10
1183	54205	373156	1	89
268	5422	5558	1	4
2284	5423	7515	1	62
1543	5425	10714	1	1
876	5429	11201	1	8
4307	5430	9400	1	3
344	5431	9400	1	1
2615	5433	5441	1	1
3036	5434	5437	1	14
2545	5437	25885	1	1
3772	5439	9533	1	8
1891	5441	25885	1	1
2847	54472	146691	1	1
3953	54496	140690	1	8
1808	545	2115	1	2
1976	5452	7091	1	2
4555	546	126961	1	4
2655	54623	79577	1	27
4557	5467	6256	1	275
673	5468	6257	1	54
3582	5469	10025	1	9
2069	54708	55669	1	11
4373	54780	56160	1	1
1507	54820	81565	1	45
3869	54881	81887	1	1
840	54927	440574	1	1
1838	5496	11060	1	1
2152	5499	8045	1	1
677	54994	80232	1	1
1359	550	10956	1	2
326	5500	9575	1	1
2014	5501	9575	1	1
56	55054	64422	1	26
3357	55072	81858	1	6
2809	55120	55215	1	23
4017	55140	55250	1	8
2223	5515	5520	1	7
3922	5516	80143	1	1
3515	55164	92345	1	6
1273	55170	126961	1	1
487	5518	5522	1	1
3112	5519	5520	1	2
311	5520	55844	1	1
1362	55201	83593	1	2
1384	5521	5522	1	2
2875	55233	92597	1	4
957	55245	84300	1	4
788	5528	5531	1	3
1012	55294	200933	1	1
2791	5530	5534	1	6
1650	5531	6950	1	3
38	55327	64398	1	4
4371	5536	10728	1	4
3079	5537	22870	1	7
2356	5558	23649	1	4
2670	5562	5571	1	12
1661	55626	79016	1	1
438	5563	5565	1	8
1602	5564	51422	1	5
2269	55644	112858	1	8
1908	5565	5837	1	1
2756	5566	5573	1	6
3418	55662	140462	1	1
4271	55671	151987	1	2
1653	55697	200576	1	16
367	5571	8408	1	1
1263	55715	79930	1	6
715	55723	79711	1	2
4351	55738	120892	1	2
988	55746	57122	1	51
1283	55755	114791	1	2
3437	55763	60412	1	52
4171	5581	9235	1	1
1077	55823	57617	1	24
2294	55829	79139	1	10
3686	55831	93380	1	1
2211	5584	8878	1	2
115	55872	84708	1	1
3102	5589	23193	1	3
1268	5590	7428	1	1
1696	5591	7520	1	228
208	5594	10318	1	5
486	5595	55294	1	5
1669	55958	90293	1	3
2493	55968	80124	1	6
2839	5597	8550	1	3
2046	5599	6416	1	209
1803	5600	7867	1	9
2885	5601	9479	1	18
4426	5602	5970	1	15
4059	5604	8649	1	12
2308	5605	10987	1	2
4241	5607	10746	1	4
190	5608	6885	1	34
2121	5609	9479	1	21
921	56160	493861	1	1
2794	56254	64750	1	1
2002	56259	57379	1	4
1690	56616	57448	1	15
2526	5663	29979	1	9
2941	5664	10519	1	4
2423	5682	5696	1	6
3411	5683	5695	1	8
579	5684	5695	1	8
1667	5685	5692	1	12
2235	56851	93380	1	1
1545	56852	353497	1	2
1014	5686	5689	1	9
493	5687	5719	1	6
3918	5688	5691	1	11
4233	5689	5695	1	8
80	5690	5693	1	12
1609	5691	23198	1	1
3327	5692	5695	1	12
2570	5693	5694	1	10
2935	5694	5696	1	6
2256	5695	5696	1	9
2553	5700	5702	1	7
1438	5701	5713	1	7
4143	5702	5716	1	1
2321	5704	9861	1	11
4054	5705	5709	1	7
3845	5706	5713	1	5
2452	5707	5714	1	8
886	5708	5716	1	2
1571	5709	51377	1	3
728	5710	5716	1	1
3391	5713	5718	1	16
1024	5714	51377	1	3
4262	5716	9861	1	3
4195	5717	5719	1	8
3481	5718	23392	1	4
386	57187	84321	1	10
621	5719	10213	1	10
1841	572	7531	1	5
2895	5720	5721	1	27
4397	5728	9101	1	5
3806	5729	5730	1	34
1309	573	3308	1	54
4478	57405	147841	1	43
4417	57418	81887	1	1
3987	57449	84708	1	1
2019	5747	9564	1	210
2990	57506	340061	1	23
4210	57521	64223	1	62
2660	57544	80020	1	2
898	57561	83737	1	1
1017	57599	64854	1	2
2476	57617	64601	1	21
160	5764	5803	1	15
2479	57697	91442	1	14
2807	5774	7532	1	1
1932	578	598	1	358
1316	5781	9846	1	36
781	5782	6464	1	8
4539	5784	10413	1	2
1648	5787	7422	1	12
4219	58	84676	1	5
1985	580	55284	1	3
2084	5803	7422	1	9
4547	581	1191	1	22
2305	5824	10478	1	7
2741	5829	7414	1	103
2170	58485	60684	1	1
2667	58529	84676	1	6
2232	5859	9255	1	5
3191	5861	9950	1	12
27	5866	117177	1	2
4396	5867	80230	1	5
3210	5868	9135	1	42
3070	5869	120892	1	5
1002	5878	25777	1	1
557	5879	55740	1	19
4240	5885	10274	1	35
962	5886	8078	1	3
1449	5887	55768	1	2
4428	5888	84893	1	10
3732	5894	10048	1	2
870	5900	22800	1	3
2330	5901	10459	1	1
4606	5902	7514	1	50
1904	5903	10411	1	2
566	5905	7329	1	35
1511	5906	5910	1	6
1390	5914	22938	1	2
2436	5917	9255	1	1
3461	5925	8507	1	3
754	5928	9219	1	21
2513	5929	9070	1	20
1187	5930	8648	1	2
2999	5931	26038	1	1
2147	595	6500	1	45
1814	596	8878	1	43
2665	5970	9817	1	23
3293	5976	6780	1	5
3937	5978	8945	1	5
377	5979	9260	1	1
3914	598	10134	1	9
4595	5980	51455	1	86
1827	5987	54820	1	3
200	60	7415	1	8
59	6009	57521	1	55
4335	6015	10336	1	3
2862	602	1488	1	1
1429	604	1839	1	9
3184	6045	8237	1	2
2416	6047	6613	1	13
2576	6048	10477	1	1
1070	6059	6780	1	1
2224	607	26108	1	8
3352	6091	23032	1	1
837	6095	8648	1	4
3269	6096	9575	1	15
140	6097	9575	1	17
21	6117	6118	1	71
4340	6119	84893	1	1
3001	6122	6138	1	24
2052	6128	6780	1	1
1376	6130	6780	1	1
764	6132	6230	1	5
4227	6133	8726	1	1
250	6137	6154	1	9
2439	6138	6175	1	9
2344	6139	6144	1	17
4507	6141	6147	1	7
1338	6143	6147	1	7
2571	6144	6154	1	14
4361	6147	11224	1	11
4626	6152	6175	1	19
739	6154	11224	1	22
3729	6155	51121	1	2
2581	6156	23521	1	16
1854	6158	6228	1	12
1522	6175	6176	1	19
2031	6181	9349	1	9
1061	6184	10956	1	2
3871	6185	11124	1	1
2139	6187	6229	1	16
3875	6188	6210	1	12
3579	6189	6201	1	20
1660	6191	6206	1	46
2354	6193	6222	1	20
2161	6194	6207	1	13
3777	6198	57521	1	94
3099	6201	6224	1	18
4153	6202	6207	1	25
2059	6203	6224	1	17
2669	6204	6231	1	27
2565	6205	6218	1	16
276	6206	6229	1	12
2748	6207	51065	1	4
3795	6208	6222	1	66
1431	6209	6230	1	28
446	6210	6230	1	6
2429	6217	6223	1	41
1737	6218	6235	1	16
1461	6222	6230	1	28
1998	6223	6229	1	25
1093	6224	6230	1	31
4135	6227	6234	1	17
3294	6228	6232	1	24
4326	6229	6230	1	35
2257	6230	6231	1	28
3126	6232	11224	1	8
4229	6234	51065	1	2
2335	6239	8841	1	1
3848	6251	55742	1	4
2836	6256	7421	1	185
2704	6257	7421	1	19
515	6258	10062	1	13
3491	6259	57534	1	1
2155	6262	9472	1	7
399	627	4915	1	478
8	6271	6285	1	31
3486	6275	6285	1	32
3617	6277	27101	1	3
2962	6278	10048	1	3
3980	6279	6464	1	5
1631	6304	23411	1	1
1055	6310	23543	1	2
420	6314	23636	1	1
3394	633	6442	1	2
1949	636	6774	1	1
4296	6383	8573	1	14
1550	6386	6999	1	1
4316	639	10419	1	8
2866	6399	79090	1	11
1488	6400	23197	1	4
3465	641	7158	1	4
3669	64127	81858	1	1
3266	6416	29760	1	6
839	6418	7157	1	7
3513	64223	253260	1	53
1241	6426	6732	1	26
319	6427	6733	1	9
2372	6428	6733	1	5
1806	643	2771	1	4
1933	6430	6733	1	5
4329	6431	6733	1	7
1727	6434	10921	1	9
567	64398	154796	1	1
1992	64422	81631	1	18
3879	6446	23327	1	23
4043	6449	8266	1	1
3888	6453	58513	1	2
2666	64601	65082	1	5
1819	6464	7984	1	4
1125	6468	8454	1	1
163	6470	6472	1	12
1967	6477	7321	1	3
275	6478	57630	1	4
4597	648	7157	1	190
3517	64837	89953	1	2
3971	64975	84676	1	1
4589	650	1280	1	53
1599	6500	23403	1	1
3780	65018	192111	1	3
139	6502	8454	1	72
3177	6503	7409	1	9
1656	6504	117157	1	15
3526	6574	8825	1	2
3291	659	3984	1	13
1365	6595	6597	1	59
1558	6596	56852	1	6
3776	6597	79648	1	4
278	6598	9821	1	3
3858	6599	79648	1	3
4607	65992	80279	1	1
2064	660	6774	1	10
1330	6601	79648	1	3
463	6606	50628	1	9
2819	6612	7329	1	49
3565	6613	26054	1	10
124	6615	26524	1	2
3741	6616	114088	1	1
4561	6622	11315	1	107
2072	6625	10921	1	14
1531	6626	10921	1	4
1458	6628	23020	1	1
2645	6632	11218	1	2
4409	6633	11218	1	2
4608	6634	11218	1	1
535	6636	10421	1	2
2686	6637	10421	1	1
2770	664	665	1	41
1145	6642	254122	1	1
2029	6643	51699	1	11
2192	6647	150684	1	4
305	6653	26088	1	6
4067	6657	54815	1	3
817	6667	6721	1	14
1180	6671	93986	1	2
3505	6672	7329	1	21
152	6683	9798	1	2
4070	6696	7917	1	2
1250	6714	6850	1	199
3414	6717	6774	1	1
4183	672	2274	1	11
1197	6721	7329	1	2
2811	6722	57591	1	24
1237	6726	6730	1	7
2365	6729	6730	1	14
3607	673	7529	1	2
1578	6732	10921	1	15
1813	6733	10921	1	8
4406	6737	56658	1	6
2438	6738	22827	1	1
3861	6744	7534	1	1
2562	6749	7520	1	3
1401	675	3014	1	89
3958	6772	151636	1	3
1541	6774	11151	1	4
638	6776	10498	1	3
2995	6778	8648	1	9
3928	6780	8575	1	1
1296	6782	29979	1	1
4088	6788	55201	1	1
2433	6789	11186	1	2
174	6790	23369	1	2
2680	6794	11140	1	3
3766	6801	6950	1	2
1489	6804	8773	1	26
796	6810	10228	1	20
4127	6811	51272	1	13
4284	682	6566	1	9
4421	684	8945	1	22
4563	6850	10293	1	2
195	6857	8517	1	1
1252	6872	6908	1	48
1099	6877	129685	1	10
1771	6878	6881	1	14
1005	6880	10589	1	1
4377	6881	129685	1	8
142	6882	6908	1	13
1509	6884	129685	1	7
2558	6885	10892	1	24
3739	6907	8841	1	6
1692	6908	129685	1	22
2010	6917	51366	1	2
390	6921	6923	1	13
397	6923	140462	1	1
794	6925	7291	1	24
2795	6934	7329	1	1
2399	6935	23411	1	17
3688	6945	22877	1	8
1930	695	25998	1	2
3290	6950	7203	1	22
1477	699	9184	1	152
2053	6990	51143	1	8
1320	6996	7341	1	7
427	7005	10413	1	4
2681	701	9184	1	137
3047	7013	8658	1	23
2466	7014	25913	1	99
3279	7015	7323	1	1
4484	7020	7520	1	5
3073	7021	8089	1	2
1977	7023	8945	1	2
821	7025	53335	1	5
2641	7026	53335	1	6
1649	7027	9021	1	3
435	7037	10133	1	9
1630	7039	26003	1	2
2413	7046	64750	1	19
2543	7048	64750	1	8
911	705	55720	1	4
1455	7068	8648	1	3
4630	7072	10922	1	5
89	708	5071	1	1
536	7082	100506658	1	285
2285	7088	55502	1	5
785	7098	7189	1	177
1561	7099	23643	1	252
977	71	2885	1	3
168	7101	53335	1	2
2430	7109	58485	1	10
2556	7112	26993	1	4
920	7124	55072	1	7
1472	7126	253980	1	2
4644	7128	8517	1	72
136	7132	25999	1	1
709	7134	7135	1	16
3100	7135	84676	1	4
4157	7136	84676	1	3
2078	7137	84676	1	1
2724	7138	7168	1	7
2813	7150	7157	1	2
1249	7157	23113	1	9
2412	7158	8202	1	2
3788	7159	10413	1	5
2357	7161	11060	1	1
588	7163	7165	1	1
286	7178	7428	1	6
4323	7181	8841	1	6
2166	7184	10956	1	9
2646	7185	55072	1	5
2174	7186	23495	1	13
2959	7187	340061	1	8
3575	7188	57506	1	3
4432	7189	65018	1	4
1978	7203	10575	1	13
1441	7205	7414	1	9
1242	7247	7257	1	9
1872	7248	7249	1	303
1075	7249	7529	1	1
4454	7251	7316	1	2
365	7273	8557	1	46
2283	7277	7280	1	6
1271	7280	10383	1	10
4125	7283	55755	1	1
2767	7284	7514	1	2
1575	7291	9219	1	3
4330	7295	10628	1	55
2817	7307	9406	1	3
1230	7314	7415	1	3
2306	7316	29979	1	2
3287	7317	7334	1	10
351	7318	9636	1	22
948	7319	56852	1	11
3801	7320	56852	1	14
2231	7321	84937	1	1
4549	7322	56658	1	1
1865	7323	57154	1	3
570	7324	64320	1	1
1629	7325	9025	1	3
2048	7329	28996	1	11
782	7332	55072	1	1
2226	7334	165918	1	14
4362	7335	10273	1	1
997	7337	51497	1	5
1312	7341	8554	1	42
3572	7374	9730	1	6
64	738	55275	1	8
3395	7384	84676	1	2
3060	7391	7392	1	58
417	7398	57599	1	6
2065	7405	9711	1	18
4647	7408	26136	1	1
2914	7411	10471	1	1
811	7412	7430	1	9
4522	7414	10580	1	16
1501	7415	7993	1	1
3312	7417	23327	1	1
2920	7421	8648	1	18
17	7428	54583	1	59
549	7430	55823	1	1
2557	7431	25764	1	1
2085	7454	23048	1	11
2765	7464	9611	1	1
2945	7468	25929	1	1
1768	7486	7520	1	39
133	7514	92335	1	1
4546	7515	11284	1	27
3639	7518	11284	1	21
58	7520	11198	1	1
3203	7525	10657	1	2
2060	7528	10856	1	4
780	7529	7531	1	9
2179	7531	10749	1	1
4123	7532	51631	1	1
7	7533	23136	1	2
1574	7534	9101	1	1
3362	7538	26986	1	3
2799	7552	23133	1	2
3975	7556	10155	1	5
2038	7703	23492	1	11
3113	7704	23118	1	1
148	7706	23586	1	37
617	773	3912	1	1
2502	7750	23028	1	2
1584	7756	9184	1	1
530	7791	9113	1	9
2289	7803	8073	1	7
819	7818	23107	1	5
1689	782	23327	1	1
1557	7846	203068	1	4
2718	7852	9097	1	4
4394	7862	126961	1	1
4306	7871	11235	1	1
3735	7874	63967	1	4
1217	7879	83547	1	6
4187	7881	23327	1	1
3207	79003	79980	1	37
3663	79023	81929	1	11
4058	79109	253260	1	56
4559	79139	84447	1	55
1245	7917	51608	1	3
1943	7919	84321	1	8
1469	793	8517	1	2
1440	7936	51497	1	2
2829	79443	81631	1	2
635	7957	378884	1	12
3748	7965	9255	1	5
3083	79707	81887	1	1
4163	79720	93343	1	1
2149	79727	406881	1	13
3090	79760	79833	1	9
4291	7979	9861	1	6
2863	79899	253260	1	2
1533	799	4035	1	4
3755	79980	348235	1	1
293	80153	196513	1	28
3988	80198	146956	1	97
532	8021	57122	1	26
4575	8027	9146	1	1
2593	8030	151987	1	1
4215	8045	23368	1	1
3792	8065	140739	1	1
1741	8085	11091	1	5
2098	81	87	1	25
682	811	3315	1	27
1535	813	5034	1	2
1156	8131	10641	1	1
1172	815	817	1	9
2393	8161	9221	1	19
3939	81857	219541	1	2
3076	8189	29101	1	3
3619	819	79845	1	1
4278	81929	348995	1	9
1176	820	3480	1	3
2378	8202	10499	1	88
3859	8208	55723	1	11
2754	821	3757	1	7
2279	823	6774	1	5
3208	8237	57332	1	1
4619	8239	26086	1	1
4040	8243	10274	1	37
1646	8260	80155	1	8
994	8270	51002	1	1
4655	829	832	1	5
1555	8290	23468	1	2
3275	8291	10013	1	1
2485	830	832	1	7
2617	8312	28996	1	4
1083	8317	56852	1	8
2159	8338	255626	1	1
2970	834	29108	1	176
3678	8349	9014	1	3
277	835	8738	1	28
4154	8350	9212	1	1
1326	83548	91949	1	11
3564	8357	8805	1	1
4609	836	1410	1	9
2929	83666	151636	1	2
942	83737	151636	1	1
594	8379	9529	1	1
4645	8405	8452	1	6
2846	84078	89890	1	2
476	8408	57521	1	17
2965	841	7128	1	57
4225	8428	85369	1	2
2841	843	8837	1	52
1637	8431	23411	1	11
4472	8445	51366	1	2
3276	8450	51514	1	5
3185	8451	10987	1	6
1473	8452	84861	1	1
2367	8453	79595	1	2
2912	8454	93611	1	2
2810	84612	92359	1	2
718	8462	25942	1	7
4346	8467	11177	1	19
952	84675	84676	1	19
1091	84676	85476	1	2
2633	8473	23636	1	4
752	84790	203068	1	4
372	8480	55294	1	2
4168	84861	90293	1	1
1140	8487	54960	1	4
2550	8493	23028	1	1
207	8503	10100	1	1
2505	8516	255743	1	3
2777	8517	8737	1	87
1705	8518	26610	1	8
374	8520	55723	1	4
1128	8521	8841	1	3
24	8533	51138	1	1
1295	85439	127833	1	1
1824	8546	8943	1	1
705	8548	26003	1	6
2522	8554	9994	1	1
1404	8556	10112	1	6
4104	8557	84676	1	10
2197	8562	28985	1	2
3537	8563	57187	1	10
1753	857	7410	1	6
2898	8573	8825	1	23
4638	86	4609	1	13
431	860	10273	1	1
2123	8607	10856	1	57
220	861	865	1	91
3911	8615	9570	1	20
360	862	1822	1	2
3889	8626	83737	1	18
4527	863	6925	1	2
1551	8648	10499	1	64
3662	8649	28956	1	9
4370	865	8065	1	1
1423	8650	83737	1	8
3381	8655	55626	1	1
3444	8660	10971	1	1
2458	8661	8667	1	20
1995	8662	8663	1	1
2654	8663	8664	1	6
2692	8664	51386	1	4
939	8665	10480	1	4
1163	8666	8668	1	9
3045	8667	51386	1	5
2418	867	3309	1	5
3103	8673	10228	1	15
3528	8674	10228	1	20
3750	8676	8773	1	7
3549	8678	55626	1	23
1825	868	2885	1	24
3198	8697	64682	1	20
1287	87	1495	1	7
1451	871	10956	1	1
3393	8726	79813	1	4
3412	8729	57104	1	2
2278	8737	8837	1	68
1221	8738	55367	1	16
3878	8766	80223	1	10
1718	8772	8837	1	192
1790	8777	64398	1	10
3816	8815	10919	1	2
4395	8819	25942	1	26
1078	8825	64398	1	13
1642	8841	10574	1	1
511	8850	25885	1	3
1988	8864	8945	1	8
4025	8867	30011	1	2
61	8871	30011	1	2
2146	8874	120892	1	2
1414	8878	80206	1	1
641	8881	246184	1	15
3415	8883	9039	1	24
1444	8887	81631	1	1
1570	889	9270	1	5
3612	8891	8892	1	3
4061	890	29945	1	9
68	891	29945	1	7
2057	8915	10892	1	74
982	892	219541	1	5
3304	8924	28988	1	1
4487	8932	54815	1	10
2998	894	1019	1	160
1620	8943	26985	1	1
3899	8945	27250	1	5
632	896	27335	1	6
634	8976	23048	1	10
1205	898	1026	1	81
4281	899	8454	1	5
3789	8997	9627	1	1
1526	902	1488	1	1
953	9039	9040	1	19
192	904	1025	1	140
2630	9040	9978	1	15
3497	9049	10728	1	6
332	9051	26469	1	4
323	9070	84661	1	7
604	908	5515	1	1
1957	91	23327	1	3
3552	9107	66036	1	2
2547	9113	92597	1	4
2200	9126	10735	1	40
3382	9128	9733	1	3
1049	9129	9733	1	3
4466	9135	23062	1	4
469	914	3932	1	113
2808	9140	10533	1	105
3483	9146	23327	1	1
4438	9169	11338	1	1
2258	91754	140609	1	10
2815	9183	9735	1	8
2634	9184	29945	1	7
221	919	9094	1	3
2314	920	9094	1	5
1770	9212	55143	1	58
1946	9217	25782	1	1
4520	9218	22930	1	2
2582	9219	26060	1	3
4274	9232	51343	1	11
4211	925	3135	1	483
3527	9252	51776	1	2
505	9253	23118	1	1
1044	9255	9521	1	4
3925	9260	11060	1	1
2420	9266	57104	1	1
541	9267	9595	1	12
4551	9276	22818	1	6
2454	928	5738	1	17
3489	9282	9968	1	6
834	9295	22827	1	1
2869	9314	10524	1	8
2638	9318	10987	1	3
100	9319	9587	1	2
1666	933	5777	1	54
3623	9337	23019	1	6
3770	93380	284361	1	1
3350	9341	10134	1	1
881	9343	10921	1	1
3539	9352	51377	1	1
1195	9354	23190	1	3
32	9367	10244	1	2
1119	9368	23035	1	1
955	9373	10013	1	2
1410	9391	64210	1	3
4251	93986	116113	1	9
2976	940	941	1	674
2172	9400	10111	1	10
2040	9402	10617	1	1
3764	9410	23020	1	1
3372	9416	10421	1	3
993	9441	9968	1	6
4166	9443	9969	1	5
3773	9474	26100	1	8
1829	9482	10490	1	10
2520	9493	10971	1	1
2525	9499	84676	1	5
519	9500	54715	1	1
4106	9516	83737	1	1
402	9527	9554	1	6
3585	9529	65018	1	5
2883	9531	10049	1	2
3721	9533	51082	1	9
719	9559	55737	1	31
1569	9575	9975	1	10
1220	9577	29086	1	6
1355	958	3308	1	75
3163	960	2335	1	49
2462	9611	10014	1	21
2902	9612	51564	1	18
2489	9616	140739	1	2
3838	9631	9759	1	1
2332	9632	10483	1	8
324	9636	51191	1	33
3697	9643	93621	1	2
3725	9646	79577	1	12
2899	9656	10111	1	79
3373	9685	23062	1	4
3568	9689	28969	1	2
3092	9694	10328	1	1
90	9709	57630	1	3
426	972	4282	1	58
1795	973	29760	1	32
3218	9730	25939	1	6
1459	9733	51690	1	5
2220	9739	11091	1	27
2203	9757	11091	1	8
4429	9759	10971	1	3
1421	9776	9821	1	43
3182	9804	65018	1	16
2431	9810	56254	1	8
2687	9815	10318	1	1
1548	9817	84557	1	7
4363	9818	23636	1	14
3066	9820	23363	1	2
2298	9821	60673	1	13
2407	983	8945	1	28
607	984	11140	1	1
233	9861	10213	1	17
4039	9871	10483	1	6
897	9874	55723	1	5
1636	988	56259	1	2
1042	989	4735	1	27
349	9896	55697	1	6
3055	9897	23307	1	1
433	990	51343	1	5
2156	9903	90293	1	1
406	991	8881	1	49
46	9913	129685	1	2
3675	9918	10051	1	23
4424	9924	26986	1	12
1634	993	1017	1	117
4464	994	1017	1	65
3261	995	5347	1	104
3125	996	51343	1	8
1158	9967	10921	1	2
1058	9968	219541	1	5
1885	9969	219541	1	6
1621	997	7317	1	11
2527	9978	26234	1	3
3168	998	10435	1	2
3597	9984	57187	1	27
3852	999	1495	1	51
3783	1000	2017	0	17
2760	10001	57167	0	1
2491	10002	11200	0	25
4298	10006	57159	0	1
4627	10010	10273	0	1
882	10011	23426	0	9
4521	10013	10540	0	6
1275	10014	55294	0	1
2195	10015	10634	0	1
2606	10018	10075	0	6
1906	1002	4017	0	3
1673	10025	23369	0	1
2753	1003	2149	0	8
4113	10036	23186	0	2
2873	10038	54386	0	2
2137	10040	10606	0	1
2128	10043	79102	0	1
4301	10048	10844	0	1
1059	10051	10274	0	10
1792	10054	10987	0	3
1213	10059	10097	0	1
672	10062	246329	0	1
4243	10073	10527	0	2
646	10075	54474	0	1
4356	10084	10524	0	2
1262	10092	10121	0	3
2595	10093	81565	0	1
118	10094	10971	0	2
1888	10095	10121	0	1
4605	10096	10188	0	2
3256	10097	10971	0	5
2625	10109	26524	0	1
3441	10111	23512	0	3
75	10112	59349	0	1
3847	10120	51564	0	1
512	10121	26524	0	1
189	10127	10919	0	1
4097	10133	55165	0	1
1255	10134	54205	0	11
3374	10135	23411	0	39
3949	10142	11214	0	12
216	10146	55294	0	1
3140	10155	23512	0	5
1232	1017	23481	0	2
1357	10178	10211	0	1
3144	1018	8202	0	2
2359	10188	23411	0	6
2464	10189	29890	0	5
676	1019	5932	0	12
441	10193	10273	0	1
178	1020	1499	0	59
4232	10204	29107	0	17
1984	10206	55743	0	1
2025	10207	51327	0	1
4285	1021	1956	0	101
1265	10211	51135	0	1
2834	10212	11100	0	2
1131	10213	51633	0	3
1756	1022	5452	0	2
905	10221	11059	0	3
3787	10226	26580	0	4
2323	10239	55770	0	1
394	1024	6599	0	1
4126	10241	10714	0	1
884	1025	4193	0	22
1324	10250	10844	0	1
4078	10252	80321	0	1
2309	10254	83737	0	3
4199	1026	3064	0	8
4624	1027	7465	0	37
1191	10273	83737	0	1
1478	10274	23383	0	9
3823	10277	10458	0	1
760	1028	5163	0	10
1534	10282	10652	0	22
896	10284	64426	0	7
4457	10286	56949	0	5
971	10287	26086	0	1
859	1029	3066	0	61
1303	10296	25852	0	2
4034	10298	51765	0	2
2202	103	4000	0	3
3740	1030	4000	0	7
2797	10301	10891	0	1
2793	10307	23621	0	6
979	10318	29110	0	4
1130	10320	54474	0	8
2698	10325	10670	0	10
974	10328	51465	0	1
1337	1033	5241	0	2
3817	10336	85363	0	1
1109	10362	29127	0	2
3434	10363	10524	0	1
4654	10370	26827	0	1
3503	10376	23097	0	1
3698	1039	57405	0	2
3338	10392	10963	0	3
1035	10393	116448	0	1
4518	10395	84557	0	1
736	10399	25942	0	4
4069	104	23327	0	2
4174	10401	84445	0	1
4011	10403	79172	0	10
2867	10413	84959	0	3
2406	10419	10514	0	2
3530	10421	27316	0	1
1116	10426	26986	0	1
4313	10440	10452	0	23
4222	1045	1050	0	11
3459	10450	23265	0	1
173	10452	51025	0	13
4317	10458	10746	0	1
2442	10459	10926	0	1
4115	1046	4040	0	2
3784	10460	25988	0	1
2006	1047	7353	0	1
3431	10474	23426	0	1
1853	10475	55294	0	1
3668	10477	54926	0	3
3471	10482	10982	0	5
1750	10484	51728	0	1
3086	10487	10891	0	2
806	10493	24148	0	1
4044	10494	29883	0	1
3829	10497	23162	0	6
2398	10498	25942	0	10
683	10499	10898	0	2
669	1050	3172	0	111
1257	1051	7157	0	165
4425	10514	54205	0	7
4315	10519	22882	0	3
3664	1052	1385	0	34
830	10521	10671	0	3
2342	10524	10755	0	1
156	10526	10527	0	13
2842	10533	79139	0	1
4629	10537	29978	0	1
563	10540	11130	0	6
2731	10549	55577	0	1
2917	10552	81565	0	1
1723	10564	10970	0	1
20	10565	10606	0	1
4085	10567	26191	0	1
1655	10568	26994	0	1
951	10569	11335	0	1
4383	10572	27086	0	1
345	10575	149420	0	1
2463	1058	26277	0	3
2182	10580	10817	0	1
3576	10587	54474	0	2
2003	10592	10735	0	13
4074	10594	54726	0	2
242	10598	10910	0	4
2913	1060	5879	0	2
62	10602	79172	0	1
762	10605	26523	0	1
3595	10606	222484	0	1
1830	10608	10856	0	3
3094	10612	54205	0	10
663	10613	79139	0	1
3193	10616	55223	0	1
251	10617	54726	0	2
827	1062	5347	0	55
3358	10625	29107	0	4
558	10629	129685	0	1
1751	1063	5906	0	2
2676	10634	27229	0	1
3529	10640	23433	0	4
348	10652	53407	0	9
299	10656	378884	0	1
439	10657	26993	0	2
1274	10664	25942	0	15
540	10670	64223	0	5
3347	10671	23071	0	1
1373	10673	55164	0	1
1497	1068	9685	0	1
3317	1069	8454	0	2
2964	10691	84675	0	4
166	10694	11140	0	3
1139	1070	4792	0	2
664	10714	53615	0	10
4440	1072	3320	0	26
1572	10726	81565	0	5
4065	10728	55723	0	1
1486	10733	55193	0	6
5	10735	57167	0	2
155	10746	57379	0	1
732	10750	28988	0	2
3157	10755	57403	0	2
4444	10758	10923	0	3
3289	10765	10951	0	5
3351	10783	51343	0	1
2217	1080	5420	0	5
1118	10801	54780	0	1
3545	10813	23246	0	3
480	10817	84292	0	1
915	10844	29127	0	2
3180	10847	23326	0	1
4015	10849	55718	0	2
1087	10856	10951	0	2
2786	10874	23451	0	1
1448	10891	25942	0	8
3494	10892	29128	0	2
3940	10898	79685	0	1
4459	10900	51552	0	1
1149	10910	11140	0	6
1733	10912	23429	0	2
738	10919	23741	0	1
2957	10920	51514	0	6
3340	10923	23468	0	2
3281	10926	51426	0	1
1812	10928	84061	0	1
3900	10933	54904	0	3
60	10938	150684	0	1
2448	10940	57534	0	1
2968	10945	10959	0	22
2779	10951	11200	0	9
454	10952	23111	0	1
3075	10956	51147	0	1
175	10957	55070	0	1
885	10959	27241	0	11
3906	10963	55723	0	1
2940	10969	50855	0	1
3058	10970	27229	0	1
1791	10971	22882	0	2
4588	10972	27241	0	5
3380	10980	26263	0	1
3344	10982	29107	0	3
1968	10987	23552	0	1
4552	10989	54927	0	1
2672	11004	54583	0	2
4615	11020	58529	0	1
938	11030	23770	0	1
234	1104	5335	0	2
2909	11043	89870	0	3
78	11047	55611	0	2
848	1105	9739	0	12
3996	11052	150684	0	1
3462	11059	222484	0	1
861	11060	23327	0	16
3069	11065	64682	0	4
3506	11069	23085	0	2
3782	1107	4841	0	1
3730	11073	11091	0	1
2675	11074	89870	0	6
2271	11077	11140	0	1
3369	1108	10569	0	1
792	11091	11200	0	6
3034	11100	51010	0	1
3534	1111	8445	0	9
4012	1112	6497	0	2
73	11124	64750	0	1
2215	11127	23162	0	3
1724	11130	51434	0	1
2062	11140	23019	0	3
561	11143	56852	0	1
995	11160	23190	0	1
3451	11177	23468	0	8
451	11186	27429	0	2
1008	11196	29979	0	1
3825	11198	11201	0	2
2108	11200	25936	0	2
3835	11201	26168	0	2
3493	11214	23433	0	2
1407	11218	26512	0	1
1202	11222	23107	0	4
1777	11236	84447	0	7
770	1124	1894	0	1
3002	11243	23468	0	3
3473	11274	64844	0	1
3809	11275	55770	0	1
3965	11277	23019	0	1
3683	1131	26276	0	2
1948	11311	55770	0	7
3439	11315	120892	0	128
2068	11316	51455	0	1
98	11321	25988	0	1
3426	11329	27429	0	1
3065	11335	27316	0	1
379	11336	23433	0	4
1816	11337	84557	0	40
3498	11338	54205	0	4
2773	11342	84676	0	2
3389	11345	23637	0	1
4092	113878	114088	0	2
800	114088	151636	0	1
1048	1147	3932	0	19
2993	1149	5970	0	3
2471	1152	1154	0	1
3478	1154	10475	0	2
745	1158	3854	0	1
2410	1159	7133	0	1
743	115992	222484	0	1
970	1164	3854	0	6
2668	1173	4254	0	1
1281	1174	1175	0	4
2989	1175	8907	0	4
1818	117854	342931	0	1
231	118	3065	0	4
245	1191	1499	0	19
529	1192	1193	0	2
1796	1193	2534	0	1
2967	1195	7528	0	2
128	1200	10111	0	17
945	1207	25804	0	3
4452	1209	3148	0	1
749	1211	7030	0	2
4332	1212	4085	0	1
807	1213	51343	0	2
370	123	6683	0	1
3979	1230	1232	0	169
279	1234	3383	0	188
3274	126119	159195	0	1
1833	1263	84708	0	1
4014	1267	4085	0	9
528	1272	1613	0	2
4468	1277	1278	0	196
2157	1278	6772	0	24
2181	1281	8697	0	1
4530	1308	3909	0	12
1952	1312	2033	0	9
1028	1314	7020	0	4
3947	131405	378884	0	3
2579	1316	5914	0	4
1282	1385	2081	0	26
3221	1386	6198	0	14
3071	1387	2100	0	30
984	1390	3948	0	2
408	1394	2475	0	12
3613	1398	4313	0	12
3019	1399	6503	0	1
4256	1406	84661	0	1
2840	1410	3308	0	19
1552	142	11335	0	4
3986	143	5901	0	1
1204	1432	2290	0	9
3404	1434	5905	0	12
4268	1436	4803	0	3
1645	1438	2950	0	1
339	1443	3475	0	1
1181	1445	7157	0	59
371	1446	26272	0	1
2782	1447	6500	0	12
3699	1448	55294	0	2
892	1452	10376	0	2
2534	1454	8452	0	1
895	1457	5861	0	3
1370	1460	8837	0	2
4322	1465	9113	0	1
3433	1476	6714	0	3
4387	1477	7157	0	8
2115	1478	2033	0	1
2242	1482	58529	0	2
322	1487	10363	0	1
4003	1488	2130	0	3
497	1490	3251	0	17
4355	1493	3454	0	15
1651	1495	1500	0	19
112	149603	342931	0	1
104	1499	4155	0	77
181	1500	2947	0	2
602	1501	7076	0	2
2328	1508	4170	0	15
802	1509	3091	0	23
1537	1514	4089	0	5
766	151636	222484	0	1
3731	151987	220134	0	1
2517	1523	3065	0	5
1484	1535	5465	0	16
4509	1536	7124	0	185
4029	1537	3308	0	21
1939	154	2597	0	32
2435	1540	1896	0	1
1767	156	10399	0	3
1560	1571	55120	0	1
2537	1576	10514	0	1
3384	160	7020	0	22
93	1600	5594	0	10
4133	1601	10112	0	1
1734	1603	79139	0	2
1141	1605	9493	0	2
459	1612	3739	0	1
3386	1613	50855	0	2
1786	1616	7186	0	13
3452	1617	6885	0	2
2636	1618	7041	0	2
2903	1629	6722	0	1
1959	163	164	0	5
1146	1630	10856	0	1
4513	1634	2597	0	10
405	1636	3569	0	219
2384	1639	7415	0	8
1595	164	1175	0	1
917	1641	5864	0	3
4349	1642	89122	0	1
368	1643	10923	0	2
2620	1645	4361	0	1
2984	1647	3569	0	60
2310	1649	9604	0	4
2694	1650	23468	0	1
1969	1653	4654	0	2
1775	1654	7919	0	8
3027	1655	4436	0	2
482	1656	5888	0	3
2478	1659	8487	0	1
1857	166	1499	0	9
1861	1660	2648	0	2
3761	1665	7322	0	2
3960	1666	2539	0	30
3781	1673	5111	0	2
2437	1674	7133	0	6
980	1676	23607	0	1
2143	1678	2597	0	4
3225	1719	3458	0	20
472	1728	9978	0	6
1772	1736	6147	0	4
3022	1739	4478	0	8
453	174	2597	0	72
2358	1740	51776	0	2
1350	1741	7082	0	14
4334	1742	8312	0	11
3548	1756	5831	0	3
203	1759	6890	0	1
4261	1760	8022	0	1
2037	1763	8352	0	1
2251	1778	29110	0	4
573	1783	5048	0	4
543	1785	55054	0	1
964	1786	8761	0	2
3264	1788	7468	0	4
4328	1789	55929	0	9
2353	1791	10188	0	2
3624	1793	51466	0	1
1714	1796	9939	0	1
2482	1810	3399	0	2
2619	1813	4940	0	1
1104	182	4654	0	11
2241	1822	55245	0	1
3326	1823	3875	0	2
725	1825	1829	0	26
2739	1827	7490	0	3
2385	1828	5116	0	2
3774	1829	8502	0	9
2379	183	7422	0	273
712	1830	3875	0	8
903	1832	7157	0	1
2391	1838	3479	0	5
138	1839	3084	0	22
2622	1840	3482	0	2
3635	1843	10376	0	4
950	1844	6774	0	9
3135	1845	2597	0	8
3590	1846	3956	0	3
3919	1848	4303	0	4
4137	185	3301	0	1
4245	1850	5371	0	2
4155	1855	10564	0	1
3319	1856	8313	0	15
4412	1857	9325	0	1
2559	1859	4751	0	4
4470	1861	2010	0	2
585	1869	10951	0	7
3308	1870	1874	0	62
1138	1871	2597	0	39
369	1874	3397	0	4
2904	1875	5925	0	43
4352	189	3320	0	6
3593	1894	5921	0	3
404	1896	10293	0	1
424	19	9659	0	1
894	190	23468	0	4
3187	1901	8737	0	2
4146	191	83852	0	1
1670	1911	9126	0	2
835	1912	4811	0	1
3644	1915	3066	0	6
1820	1917	5914	0	3
2910	1937	4654	0	3
4512	1938	10016	0	1
4375	1942	2966	0	3
3647	1946	3725	0	15
614	1950	6299	0	6
1235	1954	80321	0	1
4506	1956	8871	0	4
121	1958	4609	0	155
1020	1959	2002	0	19
249	196	5536	0	1
2662	1965	148022	0	16
3480	1968	55611	0	2
161	1969	3791	0	25
4189	1973	7128	0	4
1805	1974	6634	0	1
1280	1975	6607	0	2
960	1977	79760	0	3
961	1978	84335	0	43
1918	1981	11130	0	2
2145	1982	3569	0	6
412	1983	8661	0	49
113	1984	5902	0	4
4010	1991	6599	0	1
1084	1994	9098	0	6
2787	1999	5879	0	4
1452	2000	9113	0	2
3522	2002	3376	0	3
4032	2005	8202	0	2
188	2010	3064	0	2
2750	2011	7251	0	2
4083	2017	22930	0	7
2657	2019	3689	0	1
1288	2021	7520	0	2
3051	2022	2099	0	3
2089	2023	10298	0	1
1382	2026	7536	0	1
704	2033	7465	0	8
3877	2034	7341	0	8
3368	2035	8452	0	3
698	2037	3710	0	2
2499	2038	4291	0	1
1308	2046	10521	0	1
3659	2047	3726	0	2
481	2048	3643	0	15
612	2049	2475	0	4
1520	2056	3054	0	14
1294	2057	2597	0	24
1893	2059	4739	0	3
1019	2060	9135	0	3
4110	2063	5930	0	1
3396	2064	3313	0	16
238	2065	6667	0	27
144	2066	7040	0	75
4641	2067	22919	0	3
4179	2068	2956	0	18
2260	207	84292	0	1
3614	2071	5430	0	7
1936	2072	7156	0	3
3606	2073	10054	0	3
2879	2074	9984	0	5
3634	2078	3757	0	65
259	208	9135	0	1
4246	2081	4287	0	5
1807	2091	4609	0	15
1133	2099	10898	0	4
213	2100	6613	0	3
2228	2101	7157	0	18
1375	2103	6908	0	8
235	2104	4092	0	2
1546	2107	8106	0	3
2487	2108	79723	0	1
3241	2113	26259	0	1
4170	2114	6774	0	21
1632	2115	3651	0	2
575	2118	5563	0	3
2324	2120	55215	0	1
873	2122	4863	0	1
1874	2125	6299	0	2
2245	213	6908	0	4
1013	2130	2332	0	6
2980	2138	9031	0	1
2521	2146	84759	0	7
3807	2147	2909	0	8
2109	2149	3635	0	2
3883	215	5194	0	7
3705	2150	83737	0	8
2301	2152	5469	0	1
522	2153	5321	0	1
143	2159	10094	0	1
3797	216	3161	0	3
97	2161	5797	0	1
2943	2167	5468	0	216
610	2171	10450	0	1
3296	2175	7014	0	6
991	2176	5888	0	23
4325	2177	57697	0	24
4648	2178	26168	0	2
918	2181	6184	0	3
3	2182	8772	0	3
1851	2185	5925	0	26
125	2186	3065	0	8
4252	2187	6616	0	12
2238	2188	7318	0	1
3260	2189	7398	0	5
396	2194	5581	0	6
1291	2197	57617	0	1
753	2202	6744	0	1
4461	2203	2550	0	1
1430	2212	2322	0	24
3131	2214	7003	0	1
2118	2222	23065	0	1
1276	222484	342931	0	1
6	2237	7156	0	5
787	2243	6774	0	6
3934	2244	5594	0	52
3310	2246	6506	0	3
363	2247	6331	0	6
929	225	5830	0	3
3645	2253	23089	0	1
1528	2254	6256	0	7
1391	2255	26827	0	1
2400	226	7422	0	16
3250	2260	51765	0	2
4499	2261	5111	0	20
3235	2263	3872	0	8
2855	2268	3055	0	58
4611	2273	7490	0	3
443	2274	8470	0	2
2246	2280	9314	0	2
832	22803	23481	0	4
1922	22827	55722	0	1
2590	22848	23163	0	2
2613	2286	7040	0	6
776	22863	140735	0	1
517	22870	83540	0	1
180	22878	58485	0	8
4045	22879	23355	0	1
1052	2288	4193	0	4
2555	22882	28956	0	3
450	22889	81030	0	1
3673	2289	3324	0	1
3181	22894	51010	0	15
362	229	3146	0	3
1341	2290	7414	0	4
1113	22909	57697	0	2
1553	22919	23658	0	1
4564	22924	23468	0	1
4009	22926	29979	0	1
1703	22930	55294	0	2
1364	22938	79923	0	1
1654	22954	64326	0	1
4350	22995	51366	0	1
2603	22999	23085	0	8
285	23011	57403	0	13
2600	23012	84959	0	1
3147	23014	26272	0	3
3223	23019	29760	0	1
2080	2302	3251	0	2
793	23028	23411	0	21
2236	23029	90933	0	1
4359	23035	79109	0	1
967	23049	25913	0	3
1135	2305	2623	0	16
2780	23054	29883	0	1
1289	23062	24148	0	2
2696	23065	51016	0	2
523	23067	55697	0	1
3554	23071	23451	0	1
2390	2308	84335	0	21
1397	23085	79720	0	1
4477	23089	23468	0	1
4134	2309	4303	0	109
2548	23090	25942	0	2
601	23097	64682	0	1
4420	23102	81631	0	2
1671	23111	51009	0	1
22	23112	167227	0	4
4237	23113	51529	0	2
2468	23118	55577	0	1
4493	2313	4084	0	7
935	23136	64398	0	3
599	23137	55215	0	1
52	2314	6597	0	2
3146	23158	23327	0	1
1715	2316	6597	0	3
3954	23162	50944	0	1
556	23163	24148	0	4
96	23164	54101	0	1
3492	23168	57154	0	1
3365	2317	7157	0	24
1709	23175	23327	0	1
3229	2318	5602	0	3
1668	23186	54474	0	3
3422	2319	84292	0	1
2820	23190	83752	0	1
3857	23192	55054	0	11
1467	23197	83752	0	1
473	23204	55829	0	2
2455	2321	3745	0	1
1758	23210	55170	0	5
1505	23219	25793	0	1
2167	2322	3725	0	24
1764	23233	23433	0	1
2374	23236	23411	0	1
1972	23239	29108	0	1
2778	2324	23029	0	1
3314	23243	83540	0	1
3714	23246	26168	0	2
3973	23256	55968	0	1
3984	23265	56259	0	2
3315	23268	203068	0	8
210	23291	23586	0	1
281	23304	114088	0	1
702	23305	27241	0	4
2604	23307	64127	0	1
1896	23309	25942	0	20
1622	2331	5913	0	1
2496	2332	6597	0	6
3025	23321	56852	0	1
2911	23325	50616	0	1
934	23326	27005	0	3
562	23327	117854	0	1
4517	23332	64682	0	3
2270	23339	64601	0	17
2627	2335	3912	0	25
1760	23355	342931	0	1
972	23363	26259	0	1
4190	23369	29883	0	1
3994	23376	81605	0	1
2746	23410	246329	0	7
1877	23411	23741	0	2
1203	23423	27241	0	5
388	23426	55294	0	1
2814	23429	54496	0	1
3778	23433	54536	0	4
1162	23435	81631	0	4
3765	23450	79444	0	1
1464	23451	23512	0	3
681	23462	64795	0	2
3485	23468	64324	0	9
1628	23481	79707	0	1
2409	23492	28996	0	3
2540	23512	27241	0	2
910	23522	55723	0	1
1457	23523	51564	0	1
4633	23524	79720	0	1
122	2353	5015	0	9
679	23543	26073	0	1
2908	23545	55611	0	1
3387	2355	3050	0	5
3643	23552	83737	0	1
3332	23558	57154	0	1
1231	23569	54496	0	4
757	23586	85363	0	24
33	23587	26610	0	5
2484	23604	120892	0	7
3204	23607	55114	0	2
3993	23624	55658	0	1
930	23636	64326	0	2
1975	23637	26271	0	1
2561	23640	51465	0	2
2300	23645	51079	0	1
3862	23647	57154	0	1
3031	23650	79102	0	1
3584	23658	65018	0	1
4249	23708	26019	0	1
1082	23710	26086	0	1
2073	23741	197370	0	1
2535	23746	55236	0	1
1855	23770	55768	0	1
1675	238	5903	0	6
2916	2395	4297	0	2
282	24148	29924	0	3
1749	2475	4928	0	8
3476	248	4001	0	3
2850	2491	9183	0	4
3844	2492	53615	0	1
1331	2494	9971	0	17
4497	2495	9479	0	3
4433	25	9053	0	2
4024	2521	5460	0	7
2129	2533	9051	0	1
3388	2534	4074	0	5
1319	2539	7295	0	63
1030	2547	4001	0	4
1267	2549	2668	0	4
3215	2550	10602	0	1
3087	2551	6774	0	23
1047	25793	55294	0	3
763	25804	26827	0	6
578	25820	26168	0	2
514	25822	57511	0	1
801	2584	4615	0	1
2503	25843	220134	0	1
981	25852	54994	0	1
1971	25898	64326	0	15
2363	25906	51529	0	4
1332	25913	29889	0	1
4200	25920	64210	0	1
2934	25929	81669	0	1
2175	25936	56341	0	1
2153	25939	83666	0	4
4304	25942	29924	0	1
1004	2597	6786	0	21
1498	25978	55770	0	1
4502	25988	53615	0	3
3956	25998	29760	0	2
1625	26001	57534	0	1
1080	26013	64324	0	2
572	26019	26986	0	13
4051	26038	54474	0	1
1	26043	55968	0	1
1773	26046	89122	0	1
4418	26056	55165	0	1
2608	26060	51176	0	1
87	26086	84959	0	1
1688	26088	55737	0	4
3752	26118	55703	0	1
4393	26119	54820	0	1
1246	26121	57379	0	1
2432	26127	56922	0	1
3951	26168	55120	0	2
3014	26191	27111	0	1
3243	2623	4217	0	5
2628	26234	26271	0	1
3496	2624	5468	0	24
331	2625	7157	0	110
325	26259	26263	0	1
636	2626	6015	0	6
2075	26260	64839	0	1
4086	26263	26273	0	1
84	26270	27241	0	1
2100	26271	54461	0	3
1112	26272	79791	0	3
3913	26273	64708	0	1
2205	26276	27072	0	1
4119	26277	80198	0	1
4560	2634	5270	0	2
1038	2641	3170	0	12
1007	2645	10370	0	2
1900	2648	5711	0	6
1892	26502	64319	0	1
3808	26512	50628	0	1
4068	26523	167227	0	14
4167	26524	83593	0	4
3978	26580	27183	0	1
2726	26610	55835	0	1
1868	2668	5076	0	35
1177	267	3093	0	5
288	2670	26146	0	1
2397	2672	4602	0	24
2018	2674	5781	0	5
2987	26827	51082	0	1
4192	2688	4254	0	12
2564	2690	57381	0	1
508	2697	7003	0	3
3912	26986	27183	0	2
4188	26993	148022	0	1
4504	26994	57154	0	6
649	27	2887	0	2
3596	27005	83737	0	1
2213	27033	79723	0	1
416	27043	64210	0	1
4584	27063	55636	0	2
3012	27072	27243	0	10
1398	27086	51564	0	3
2639	27095	51728	0	2
4545	27097	83860	0	1
642	27111	84708	0	1
3435	27125	84444	0	3
1519	27143	55636	0	1
1925	27161	167227	0	21
542	27183	55666	0	1
1358	27229	29127	0	2
714	27241	378884	0	1
4021	27242	51720	0	1
4026	27243	55823	0	6
3371	27248	55829	0	1
334	27252	57154	0	1
696	27289	51371	0	1
2419	2729	23710	0	2
941	273	6426	0	1
2001	27316	84661	0	1
2648	27327	80010	0	1
2652	2733	7514	0	10
768	27338	29945	0	1
378	27339	55658	0	1
4162	27342	51082	0	1
1063	2735	7321	0	1
2266	2736	9641	0	6
3573	274	5333	0	3
1742	2740	10188	0	1
2737	27429	83593	0	1
3860	2744	7157	0	6
1676	2778	6500	0	3
1618	2801	9820	0	1
3109	2802	80321	0	1
1345	2803	5861	0	11
2070	2804	10900	0	1
1716	2810	8411	0	1
2483	2811	5252	0	1
2607	2817	5578	0	7
1066	283	8452	0	1
2105	2833	6356	0	46
2710	285	3569	0	91
2673	286	10634	0	1
670	287	3920	0	4
4434	2873	23451	0	1
1539	2874	6597	0	4
3851	2876	26019	0	2
667	288	7204	0	1
969	2885	3683	0	24
2931	2886	8471	0	1
2480	2887	23168	0	1
3709	2889	9896	0	1
1799	2890	5708	0	2
2563	2891	7317	0	2
2858	2896	80321	0	1
1912	28964	51361	0	1
1051	2898	8507	0	2
4239	28988	29760	0	3
3961	28996	84061	0	2
2425	2904	6853	0	18
495	2908	5710	0	6
4269	29089	64682	0	1
1292	2909	6774	0	6
3032	29107	51010	0	3
1956	29108	57448	0	4
845	29109	55193	0	1
2848	29110	54474	0	2
2516	29117	79618	0	1
4147	29127	79172	0	1
3707	29128	81603	0	1
1573	2919	5451	0	9
1481	292	5192	0	1
2598	2923	84557	0	3
4131	2931	5287	0	1
3345	2932	7415	0	8
4543	2935	6925	0	2
3159	2939	8773	0	2
2311	2947	9820	0	1
2154	2950	4478	0	8
3895	2956	8554	0	2
3622	2958	23097	0	2
1842	2959	2965	0	15
3067	2960	2966	0	5
492	2961	5371	0	3
2408	2962	7020	0	1
1499	2963	7528	0	1
240	2965	6880	0	5
1253	2966	3845	0	13
985	2967	8976	0	12
1174	2968	4790	0	33
2939	2969	5460	0	4
1895	2972	3957	0	1
765	2975	6595	0	2
2605	29760	84676	0	5
1678	29761	51720	0	2
657	29843	51631	0	2
2658	29883	51455	0	1
2243	29888	51400	0	1
3257	29889	54386	0	2
355	29894	50628	0	1
1065	29922	55755	0	4
4469	29924	84557	0	1
447	29945	116448	0	1
2690	29947	53615	0	14
3068	29966	55233	0	1
2501	29978	57159	0	1
3413	29979	55829	0	1
373	30008	80321	0	1
703	30011	55929	0	1
2380	3002	23607	0	2
729	3006	5887	0	1
973	3008	5347	0	5
2749	3009	6198	0	1
1604	301	7157	0	65
4566	3014	10635	0	7
3820	3015	23569	0	2
878	302	1499	0	34
2164	3039	5970	0	7
3685	3050	3726	0	14
2597	3054	4088	0	8
2103	3055	9094	0	2
2682	3059	11184	0	1
2529	3064	81669	0	2
34	3065	23236	0	1
1674	3066	5868	0	8
3868	3068	7862	0	1
283	3070	5468	0	1
3632	308	5578	0	39
3487	3082	7409	0	7
1953	30827	53615	0	4
4071	3084	7704	0	4
383	30851	83737	0	2
3562	3087	3146	0	5
2868	3090	7091	0	1
3691	3091	4087	0	38
630	3092	7124	0	13
1159	3093	7335	0	12
4082	3099	10628	0	5
2835	31	5521	0	2
2083	310	596	0	5
1954	311	6275	0	2
3600	312	3480	0	1
2784	3135	3854	0	7
3188	3146	6419	0	1
3004	3148	51439	0	1
784	3150	5599	0	5
4160	3156	84447	0	13
4455	3159	6597	0	6
537	3161	203068	0	1
3155	3164	6197	0	4
410	3169	8660	0	2
1708	317	5894	0	29
2906	3170	4609	0	81
131	3172	5932	0	2
1094	3178	26512	0	3
592	3183	11335	0	3
4120	3184	4000	0	4
307	3187	55070	0	1
3061	3190	4134	0	3
568	3191	5079	0	1
2747	3192	55070	0	2
2958	3196	4090	0	6
1864	3198	4254	0	4
552	3199	6146	0	1
1588	320	2187	0	3
1866	3205	4221	0	6
4610	321	348	0	7
3349	3211	6256	0	8
3093	322	2314	0	1
733	3224	4155	0	5
3587	324	6929	0	3
1878	3241	55651	0	1
3355	325	868	0	7
1873	3251	4851	0	41
4022	326	8743	0	2
428	3265	9733	0	10
3995	327	4254	0	1
120	3275	10912	0	1
2504	3276	10664	0	5
3059	328	8678	0	6
3072	3280	4617	0	18
1529	329	581	0	101
3148	3297	7157	0	101
1876	3298	11140	0	1
36	3299	3308	0	16
3687	330	222484	0	2
4535	3300	3320	0	7
2142	3301	7178	0	2
1931	3303	8087	0	5
3262	3304	9611	0	3
1318	3308	7750	0	2
1388	3309	8607	0	5
3054	331	3832	0	2
1765	3310	55233	0	1
4473	3312	7097	0	13
2942	3313	89870	0	1
1394	3315	3956	0	14
2831	3316	8408	0	1
742	3320	7335	0	5
4411	3324	6950	0	6
1184	3326	79980	0	1
2049	3329	3957	0	6
2171	333	348	0	21
134	3336	4594	0	3
3272	3337	6670	0	6
2218	3339	5336	0	52
1315	334	10524	0	11
4558	3364	10957	0	1
114	3376	6638	0	1
880	338	7175	0	3
4093	3383	7098	0	87
3771	3384	5747	0	14
2058	3385	7408	0	1
3722	339	4193	0	4
3133	3394	6774	0	53
4567	3396	4714	0	2
3959	3397	7374	0	2
1485	3398	4602	0	15
306	3399	6957	0	11
1564	3433	3665	0	53
2440	3434	5599	0	16
2930	3437	5893	0	2
2623	3440	23586	0	28
4510	345	5881	0	1
534	3454	4087	0	4
3026	3458	5501	0	4
4372	3475	4929	0	3
3323	3476	25843	0	1
3746	3479	7409	0	13
4109	348	6811	0	3
4565	3480	7248	0	32
1098	3481	4036	0	5
1256	3482	55294	0	2
2986	3486	7323	0	3
1869	3490	6597	0	2
510	351	672	0	9
1367	3516	7088	0	6
866	354	5914	0	9
129	355	4940	0	5
2635	3551	7189	0	139
3706	3552	6667	0	77
1311	3554	4055	0	17
101	3556	7128	0	6
1134	356	5602	0	12
808	3562	27125	0	1
605	3566	5781	0	14
521	3567	6778	0	208
759	3569	6872	0	13
2221	3572	3667	0	23
4414	3575	7535	0	37
1284	3576	4791	0	155
2538	3579	4170	0	6
4336	3586	9527	0	26
4631	3589	3717	0	40
824	3604	8996	0	3
4193	3608	7520	0	7
4526	3609	3726	0	5
730	3611	5339	0	6
4008	3612	10189	0	1
3921	3614	57405	0	2
2924	3619	29127	0	22
2971	3621	7015	0	6
1403	3622	5897	0	9
2792	3635	10970	0	1
571	3636	3667	0	10
3512	3638	84447	0	2
2101	3642	5424	0	2
53	3643	6778	0	11
3121	3646	10241	0	2
1591	3651	10499	0	1
3329	3654	8651	0	43
2626	3655	7157	0	69
3202	3656	3661	0	33
3507	3659	29760	0	6
3282	3660	5966	0	25
1346	3661	25939	0	6
1491	3662	6773	0	15
3409	3663	7188	0	2
3376	3665	8737	0	39
2043	3667	4155	0	14
187	367	3054	0	19
3946	3670	8022	0	28
616	3676	3680	0	8
421	3680	7040	0	9
298	3683	6464	0	5
191	3684	51569	0	1
76	3688	9564	0	14
4451	3689	7535	0	40
3383	369	1827	0	1
3743	3702	51429	0	1
3943	3703	51317	0	1
3717	3710	7040	0	21
2204	3714	25942	0	8
4646	3716	7297	0	202
2469	3717	6356	0	10
3240	3718	8517	0	5
4230	372	7020	0	1
1958	3720	4661	0	2
1913	3725	4733	0	2
3724	3726	5932	0	1
3591	3727	50943	0	16
2132	3728	55233	0	1
11	373	7681	0	1
2803	3737	8502	0	1
196	3738	7805	0	2
1707	3739	9414	0	3
3536	374	55233	0	1
3199	3741	23647	0	1
852	3745	9693	0	1
3802	375	57617	0	3
2578	3752	5159	0	1
1610	3757	22926	0	2
403	3760	4851	0	3
1597	3763	4085	0	8
2349	3784	7040	0	14
2345	3791	6197	0	4
117	3796	3799	0	24
2653	3798	3800	0	15
3854	3799	114088	0	2
1881	3805	3821	0	102
2585	381	10040	0	1
2738	3815	7414	0	13
1306	3817	23028	0	1
2938	382	7414	0	17
1506	3821	3822	0	71
3333	383	6356	0	11
2996	3832	22954	0	2
310	3836	7514	0	17
1693	3837	7156	0	1
3143	3838	7014	0	1
1301	3843	5903	0	11
1683	3845	5159	0	84
54	3848	5884	0	1
4380	3853	6047	0	1
3056	3854	7862	0	2
2229	3856	6772	0	11
2092	3866	6477	0	2
3805	387	3082	0	59
3407	3872	9202	0	1
1096	3875	6880	0	2
4571	388	659	0	5
799	3880	4194	0	2
4302	389	392	0	9
551	3897	4914	0	8
3657	3899	5501	0	1
2823	3909	5339	0	2
3190	391	10640	0	1
2889	3912	5886	0	1
291	392	7175	0	3
1883	3920	8517	0	3
4108	3921	8991	0	1
804	3930	4999	0	4
1006	3932	6198	0	13
2684	3937	7010	0	9
1238	3939	23426	0	1
2697	3948	5460	0	3
674	3949	6774	0	33
4353	3956	4086	0	6
1148	3957	120892	0	1
2067	3959	4739	0	1
2322	396	397	0	9
851	397	998	0	13
1748	3981	4193	0	15
1726	3983	5163	0	1
3454	3984	7039	0	2
2805	3991	8729	0	2
3674	3998	50855	0	2
708	4000	5966	0	7
1647	4001	23097	0	1
1686	4005	7157	0	50
3553	4017	4869	0	3
3348	402	11020	0	1
1517	4023	8648	0	9
2168	403	5934	0	1
1702	4035	8774	0	1
2112	4036	6464	0	4
828	4040	6714	0	11
2296	4041	5594	0	26
4574	4043	8554	0	1
1779	4049	8772	0	19
74	405	3054	0	4
4196	4055	8772	0	16
2106	406	8850	0	3
2755	4064	7098	0	15
2828	4067	5781	0	55
1266	4068	5111	0	5
2465	407	8295	0	1
4016	4074	64750	0	2
3226	4076	4609	0	3
4254	4077	22863	0	6
2144	408	717	0	20
2761	4082	5608	0	3
2723	4084	9232	0	21
810	4085	9325	0	1
407	4086	4609	0	89
4205	4087	6279	0	37
1211	4088	5430	0	7
2800	4089	11124	0	4
1153	409	717	0	9
1983	4090	6256	0	8
1902	4091	7124	0	39
3589	4092	7157	0	81
2921	4093	5414	0	2
3909	4094	5449	0	3
1406	4100	5465	0	2
47	4103	6095	0	4
627	4110	10801	0	1
2851	4116	29107	0	2
3238	4130	55737	0	1
3085	4131	5707	0	3
986	4133	4609	0	86
393	4134	23085	0	1
3521	4137	4478	0	4
2592	4139	7323	0	1
2532	4140	5888	0	3
300	4145	6714	0	22
2985	4152	23543	0	3
209	4155	57379	0	9
1327	4168	7409	0	20
1437	4170	5868	0	5
3194	4171	4924	0	1
2446	4172	6839	0	3
2703	4173	7158	0	2
1585	4175	55294	0	2
4556	4176	8352	0	3
3870	4193	5984	0	8
1090	4194	114088	0	2
3201	4204	29947	0	23
3523	4205	23411	0	25
3356	4208	8815	0	4
1596	4209	51564	0	6
2643	421	10221	0	1
3881	4211	10006	0	1
2020	4212	29978	0	1
3265	4214	6500	0	3
1034	4215	5295	0	6
49	4216	120892	0	12
1641	4217	10015	0	4
3640	4218	11020	0	4
3926	4221	8991	0	1
4023	4233	5074	0	2
3626	4254	342931	0	1
1524	4261	51366	0	1
1426	4281	6737	0	10
2536	4282	5970	0	22
3876	4286	9802	0	1
2371	4287	7128	0	4
409	429	1112	0	1
4060	4291	5460	0	4
484	4292	6187	0	2
4148	4296	5903	0	2
700	4297	55697	0	14
346	4298	8178	0	13
4238	4299	6310	0	7
1544	4300	8028	0	17
4467	4301	7410	0	4
3629	4303	54820	0	1
223	4313	6599	0	4
4101	4318	6597	0	8
1167	432	51529	0	1
2966	4323	6599	0	2
2008	4331	51343	0	2
1270	4342	6714	0	7
313	4350	6950	0	1
2240	4352	6117	0	1
1189	4354	51776	0	2
3827	4361	55170	0	4
1586	439	1432	0	2
1251	440	9351	0	1
1442	4436	6908	0	11
3472	4437	5896	0	4
3831	4478	7124	0	46
4062	4486	5336	0	2
4103	4487	25793	0	1
3628	4488	8202	0	3
1307	4502	4800	0	2
353	4504	56616	0	2
2295	4513	4773	0	17
1351	4534	9110	0	5
4548	4535	5595	0	4
4587	4536	7019	0	23
4614	4538	8337	0	4
37	4540	4609	0	12
295	4541	7416	0	12
1293	4582	7421	0	8
1033	4591	9978	0	1
1361	4594	8669	0	1
3734	4602	4904	0	4
697	4603	5609	0	4
1433	4605	7528	0	10
560	4607	9734	0	1
2950	4609	10728	0	5
3955	4613	9189	0	1
1536	4615	8078	0	2
628	4616	9618	0	4
2963	4617	7273	0	16
3762	4618	6908	0	7
716	4627	5747	0	10
1450	4644	8766	0	24
596	4645	5870	0	2
3101	4646	5873	0	8
4553	4651	7039	0	2
4064	4653	6811	0	5
1980	4654	8820	0	3
2533	4656	10951	0	2
2124	4659	5499	0	3
3063	466	2063	0	1
4266	4661	5499	0	1
2752	467	8576	0	1
1107	4670	11100	0	2
1915	4671	57448	0	20
1652	4673	6908	0	5
2618	4678	5931	0	6
3559	468	9689	0	1
643	4681	7040	0	21
1607	4683	4999	0	7
1687	4686	8668	0	2
3704	4689	8878	0	2
4161	4690	7535	0	36
272	4691	5592	0	2
2757	4693	7341	0	1
3850	4700	7321	0	1
1601	4703	55636	0	1
1272	4704	54205	0	22
1502	471	7295	0	17
3696	4714	6182	0	6
106	472	2237	0	35
3258	4733	8554	0	2
2206	4734	80762	0	8
1310	4738	26263	0	1
4576	4739	6606	0	4
205	4747	10519	0	1
1277	4751	9641	0	2
1190	4753	7186	0	2
2117	4758	10945	0	2
2460	4763	5987	0	5
1353	4771	6693	0	4
4056	4772	55245	0	1
2126	4773	5176	0	2
3270	4778	4928	0	2
803	4780	192111	0	5
3322	4781	10606	0	2
496	4790	6885	0	73
1556	4791	7189	0	93
1845	4792	7189	0	187
4621	4793	6774	0	14
3453	4794	5971	0	70
3581	4799	6478	0	1
2872	4800	5970	0	4
3667	4801	9232	0	6
477	4802	6790	0	3
548	4803	6464	0	8
1244	4804	5970	0	11
70	4809	9733	0	3
1165	4811	6696	0	5
1068	4830	9659	0	1
1889	4841	10569	0	2
1615	4842	6521	0	4
2494	4843	7187	0	10
3038	4846	5074	0	1
2988	4850	79444	0	1
1215	4851	10213	0	3
1725	4855	9978	0	3
547	4863	5599	0	6
1935	4864	5902	0	2
3602	4867	6390	0	1
2876	4869	10075	0	3
3630	4878	6597	0	6
261	4879	9972	0	1
4248	488	775	0	12
1834	4899	6923	0	1
1229	4901	6094	0	19
650	4904	11236	0	1
4089	4905	7186	0	1
4550	4909	5609	0	11
1114	4914	8820	0	1
1356	4915	7189	0	7
3466	4920	11140	0	1
4080	4924	6597	0	5
559	4926	10569	0	1
4419	4927	9972	0	23
1817	4928	10212	0	3
689	4929	6908	0	7
2424	4938	10062	0	3
1003	4940	5870	0	2
2334	4943	9140	0	1
4158	4952	8607	0	1
4319	4953	7431	0	6
4523	4957	90410	0	3
301	4968	7157	0	72
1828	498	6259	0	4
3760	4998	10038	0	4
4050	4999	5892	0	1
4224	5000	56341	0	1
4321	5007	8411	0	6
4300	5015	29108	0	3
3902	5034	23345	0	1
1941	5036	5563	0	15
2802	5045	8726	0	1
3547	5048	10036	0	6
39	5052	55577	0	1
3390	5053	7157	0	4
3074	5058	23243	0	1
527	50616	64127	0	22
2531	50618	51517	0	1
1996	5062	8428	0	11
2428	5063	10142	0	1
1576	5071	11140	0	2
659	5074	8065	0	3
3029	5076	9659	0	3
3974	5077	5903	0	3
1422	5079	5451	0	22
4583	5080	7155	0	2
4593	50855	64398	0	13
4540	5087	6839	0	3
4255	5092	5265	0	2
3020	5094	7514	0	4
2366	50943	51564	0	11
2918	5095	55917	0	1
2832	51008	80010	0	1
805	51009	51439	0	1
103	51016	79139	0	1
2693	51024	54205	0	57
4107	5105	90933	0	1
2949	51082	55718	0	3
2519	5111	55070	0	3
3873	51112	51728	0	1
2401	51127	81559	0	5
574	51130	51666	0	3
79	51135	148022	0	82
3346	51138	54461	0	1
2689	51147	84447	0	1
3504	5116	9759	0	2
170	51164	55275	0	1
4172	51176	55553	0	6
1684	5119	11059	0	2
815	51234	51465	0	1
3490	51247	57690	0	3
1214	51256	51455	0	1
228	5127	8871	0	1
2036	5132	29110	0	1
452	51327	56288	0	1
624	51340	51503	0	2
1638	51343	55746	0	1
1945	51366	64750	0	2
224	51399	51728	0	1
4446	51400	57464	0	1
2897	51421	55233	0	2
1328	51426	57697	0	2
2551	51429	51517	0	2
4280	51434	79003	0	2
4342	51439	56851	0	1
4182	51455	80233	0	5
3183	51465	57544	0	1
3546	5147	5868	0	2
3495	51503	56949	0	3
2254	51506	81605	0	2
879	51514	56852	0	1
2138	51529	64326	0	2
3556	5154	7155	0	1
2041	51542	55770	0	3
4337	5155	22882	0	19
1432	5156	5176	0	5
3518	51564	55294	0	1
4100	51569	81605	0	6
526	5158	8295	0	1
4220	51586	90390	0	3
949	5159	7422	0	409
1460	51592	57159	0	3
4496	5160	51024	0	1
4053	5163	5524	0	58
2097	51631	90933	0	2
3145	51633	79184	0	2
167	51666	54583	0	2
606	51690	51691	0	12
2405	51693	51728	0	1
1151	5170	9024	0	1
3142	51701	55294	0	2
3016	51720	56852	0	7
976	51728	54496	0	1
539	5174	9351	0	8
4277	51741	64750	0	2
1227	51742	64426	0	2
2614	5175	6187	0	6
318	5176	23647	0	1
2798	51765	55844	0	1
3935	51776	55164	0	1
1852	5178	7681	0	6
2239	5187	8452	0	2
1057	5189	5191	0	24
3220	5190	11201	0	1
3684	5191	10301	0	4
4144	5192	27339	0	1
263	5193	10206	0	1
2768	5194	10301	0	4
3938	5195	11201	0	1
1951	5196	5451	0	2
2772	522	3014	0	6
3343	5228	8521	0	3
3834	5230	23708	0	2
4458	5238	9612	0	2
1413	5241	7465	0	2
3077	5243	6829	0	1
1832	5245	23190	0	2
42	5252	9270	0	1
3908	5256	9641	0	1
856	5265	5710	0	2
1783	527	6477	0	1
1850	5270	7048	0	4
3962	5274	6908	0	2
239	5286	7157	0	20
3178	5287	29110	0	1
1383	5289	8550	0	1
2034	529	11065	0	6
1487	5290	5586	0	4
1269	5291	6714	0	84
1894	5292	5604	0	13
1097	5293	6502	0	6
4488	5294	5335	0	24
429	5295	6199	0	7
2575	5296	5894	0	30
2507	5300	9440	0	1
215	5307	7536	0	6
2688	5308	9185	0	1
3701	5310	6732	0	3
1120	5315	7535	0	1
3796	5318	55968	0	1
1677	5321	5591	0	1
1780	5333	57403	0	1
3903	5335	5599	0	54
169	5336	5601	0	8
3006	5337	6786	0	2
688	5339	5893	0	2
3577	5346	10564	0	2
2004	5347	5747	0	20
4073	5350	5831	0	3
225	5356	7536	0	3
2853	53615	64426	0	6
4431	5364	9978	0	1
4194	5371	5930	0	1
2992	5378	7486	0	9
2461	538	5563	0	1
3430	53840	151636	0	2
545	5394	7415	0	1
1512	5395	6908	0	4
1447	540	7428	0	2
2661	54101	64127	0	3
4495	54107	56616	0	6
375	5411	8826	0	1
2227	5413	7389	0	1
963	5414	8850	0	2
2685	5420	64398	0	3
1393	54205	57159	0	4
3532	5422	8464	0	1
4244	5423	10891	0	1
1192	5424	7374	0	11
2586	5430	11198	0	9
255	5431	51366	0	1
2573	5436	54205	0	3
3041	5437	51455	0	2
2763	54386	80198	0	2
145	54453	64324	0	1
1565	54461	54850	0	1
2932	54464	54474	0	2
680	54474	148022	0	10
3713	5449	51176	0	6
2742	54496	56341	0	9
2611	545	6256	0	5
358	5450	7089	0	2
2983	5451	7187	0	5
41	5452	10783	0	1
503	54583	55662	0	19
2273	546	4193	0	8
813	5460	9314	0	510
1728	54617	84289	0	1
1740	54623	84959	0	1
3567	5465	22938	0	2
3283	5467	5468	0	512
1193	54675	55832	0	2
717	5468	7332	0	1
4579	5469	9611	0	38
2054	547	2597	0	9
1408	54708	56658	0	1
871	54726	55611	0	2
57	54764	83737	0	1
2272	54778	64750	0	5
2055	5478	6883	0	2
3510	5481	7153	0	3
2087	54815	55198	0	2
4637	54820	64844	0	1
2821	54850	64839	0	1
381	54904	64324	0	9
2510	54926	55072	0	1
2315	54927	55735	0	1
4129	5493	8826	0	1
4275	5494	8743	0	2
4384	5499	23243	0	1
4354	550	10328	0	1
3982	5500	7528	0	3
2194	5501	7124	0	7
3863	5502	9372	0	1
3300	55054	79139	0	1
513	55070	81620	0	4
1658	55072	342931	0	1
2375	5511	10874	0	1
2261	55111	90933	0	1
4265	55114	55929	0	1
470	55120	84464	0	4
3400	5514	6634	0	1
1862	55140	55743	0	1
3756	5515	9212	0	3
3933	5516	220134	0	1
3660	55164	55294	0	1
1920	55165	58529	0	3
3334	55170	79723	0	2
1665	5518	5524	0	13
3096	5519	5594	0	11
1056	55193	64422	0	2
777	55198	57459	0	1
603	5521	5562	0	1
625	55215	84464	0	3
1247	55223	57617	0	1
4524	5523	6261	0	1
179	55233	55844	0	1
1264	5524	7040	0	79
1216	55245	55571	0	1
2280	5525	5537	0	3
3219	5526	6790	0	2
16	55275	84557	0	2
4264	5528	56922	0	1
2599	55294	55611	0	2
516	5531	51400	0	2
3790	5534	5663	0	4
3601	5536	8697	0	2
1986	5537	9212	0	2
3893	5538	7266	0	1
4130	554	3150	0	1
4289	5546	5901	0	2
4449	5551	7157	0	20
30	55521	84447	0	1
750	55571	84062	0	1
3633	5558	10204	0	2
2039	55611	55666	0	5
4117	55615	79899	0	2
382	5562	55917	0	1
3377	55626	65018	0	3
2011	5563	7422	0	48
19	55651	90933	0	1
3186	55658	56616	0	1
2076	5566	7852	0	3
891	55662	55768	0	1
2730	55666	55829	0	5
1843	55671	57223	0	3
1039	55697	84444	0	1
4404	55718	84172	0	1
149	55722	57159	0	1
1462	55743	84937	0	2
2274	55746	79023	0	12
2445	55755	64750	0	1
846	55768	80124	0	1
1374	55770	84557	0	2
4511	5578	64319	0	2
4314	5579	5970	0	21
3405	5580	10155	0	2
4287	55802	58529	0	2
1769	5581	9212	0	3
822	55823	64219	0	1
3273	55829	55831	0	1
198	55831	57544	0	1
327	55832	150684	0	1
978	55835	64750	0	1
4019	55839	57082	0	7
3122	5584	55929	0	1
3666	55844	80143	0	1
4388	5586	54101	0	1
1471	5587	5888	0	2
3574	55872	81620	0	2
4259	55905	57506	0	1
1147	5591	23239	0	5
2339	55917	80143	0	1
3726	5592	7486	0	1
2287	55929	79720	0	1
391	5594	54464	0	5
4214	5595	6788	0	5
1298	55958	59349	0	2
3205	55968	56616	0	1
2954	5598	5604	0	38
504	5599	5831	0	13
2775	5600	8454	0	2
3239	5601	10783	0	1
3280	5602	7444	0	1
2116	5604	26259	0	1
772	5605	22882	0	79
1981	5606	7124	0	101
3130	5607	7157	0	21
437	5608	9628	0	1
1923	5609	6273	0	1
3849	5610	55802	0	2
4138	5611	7327	0	2
4437	5618	57381	0	1
460	56254	64326	0	2
2880	56259	81030	0	1
3882	56288	64398	0	30
1424	5649	7189	0	2
186	56616	84759	0	1
1210	5663	8615	0	6
937	5664	7431	0	7
1027	56658	222484	0	1
2383	567	10392	0	5
4305	5683	27289	0	1
347	56851	79139	0	1
2621	56852	151636	0	1
3046	5692	7040	0	7
2596	56922	57223	0	1
4090	5693	5879	0	2
3105	56949	81030	0	1
3353	5696	6285	0	4
2882	5698	6285	0	6
4415	5700	5720	0	4
4006	5701	6285	0	1
2113	5702	7157	0	10
3330	5704	79577	0	1
1108	5705	6714	0	5
193	5706	10059	0	1
2158	5707	65018	0	2
1071	5708	80124	0	4
3533	57082	83540	0	27
583	5709	5720	0	4
1379	571	8452	0	7
741	5710	27241	0	4
4098	5711	23035	0	1
4273	5713	10920	0	6
4489	57132	58529	0	2
269	5714	5720	0	5
1759	5715	8658	0	1
3561	57154	57379	0	1
3189	57159	57511	0	1
723	5716	5720	0	4
3179	57167	80306	0	1
4622	5718	8661	0	8
4150	572	8797	0	30
2165	5720	8202	0	2
3197	5721	10197	0	6
287	57223	57464	0	1
946	5725	7422	0	29
3997	5728	7124	0	309
3115	573	26353	0	4
3681	57379	57534	0	2
4474	57405	64682	0	2
1887	5743	10725	0	7
836	57448	79444	0	18
3052	57449	222484	0	1
3524	5745	6885	0	3
3885	57464	151987	0	1
4177	5747	6009	0	9
4525	575	9322	0	2
771	57506	114088	0	1
4226	57511	80321	0	1
229	57521	79899	0	3
2370	57534	342931	0	1
2032	57544	83752	0	1
3128	57559	80124	0	3
254	57599	64682	0	1
1023	57617	64219	0	1
4529	57690	167227	0	4
847	57697	80198	0	10
4617	5770	5786	0	22
1897	5774	9351	0	1
478	5777	55294	0	2
1152	578	1111	0	12
4482	5781	5829	0	12
260	5782	26191	0	6
1738	5783	8503	0	1
3477	5784	51421	0	1
2884	5786	26191	0	7
4037	5788	7409	0	83
2091	5792	5805	0	7
3154	5797	5803	0	5
230	5798	51008	0	1
889	58	4155	0	10
3738	580	7336	0	9
2187	5805	6464	0	1
4492	581	4790	0	156
1729	5810	7158	0	13
81	5813	6877	0	1
4385	5818	11059	0	1
2991	5819	8573	0	3
1916	5824	5830	0	24
720	5829	10634	0	1
2329	5830	7265	0	5
419	5831	26548	0	1
4223	585	3920	0	1
1261	58529	90410	0	1
3024	5861	10972	0	8
2012	5862	51552	0	11
1143	5863	10606	0	1
4295	5864	8573	0	5
4077	5867	7128	0	3
2734	5868	11200	0	2
1626	5869	10945	0	1
25	5870	8411	0	26
4408	5873	8881	0	7
3277	5879	10120	0	7
3392	5881	8864	0	2
2498	5883	6622	0	3
2350	5884	6118	0	25
4367	5885	64946	0	3
658	5886	6477	0	1
4121	5887	7421	0	5
55	5888	6119	0	10
1821	5889	9025	0	5
4481	5890	8243	0	7
2818	5892	25920	0	1
816	5893	7520	0	50
184	5894	7465	0	20
3098	5896	8562	0	2
1026	5897	9739	0	5
613	5898	7329	0	2
4445	5900	7410	0	5
1781	5901	79577	0	2
440	5902	11100	0	1
1321	5903	23186	0	1
774	5905	9818	0	5
4463	5906	7410	0	8
1369	5910	9771	0	2
2890	5911	8615	0	2
1081	5913	55521	0	1
1405	5914	246329	0	2
3794	5915	6839	0	7
853	5916	6256	0	98
2047	5920	7098	0	43
3214	5921	8871	0	2
699	5925	6187	0	3
2975	5927	10765	0	10
3558	5928	11198	0	4
4294	5929	9646	0	2
1434	5930	6294	0	1
3638	5931	10460	0	2
4640	5932	10989	0	1
2870	5933	10951	0	3
608	5934	29950	0	4
3511	59349	84861	0	1
1955	594	5594	0	6
4007	5947	23186	0	1
94	595	5080	0	43
2337	596	7317	0	11
2291	5962	22879	0	1
4534	5966	6720	0	9
1623	597	3604	0	12
4066	5970	8878	0	22
1325	5971	7341	0	3
3832	5972	8161	0	2
1236	5976	9295	0	4
4033	5977	6749	0	1
2395	5978	6613	0	1
86	5979	6199	0	3
2362	598	3725	0	252
2443	5980	80198	0	9
581	5981	7329	0	2
4635	5984	11200	0	9
2861	5987	55054	0	3
564	599	5894	0	11
3278	60	4297	0	11
1041	6007	6095	0	1
45	6009	9821	0	19
1608	6015	10498	0	3
3428	602	1645	0	2
3057	604	2597	0	61
336	6045	10612	0	1
1639	6047	22954	0	2
2806	6048	9830	0	1
4456	60489	79016	0	2
4475	607	10755	0	1
4331	608	4790	0	19
3555	6093	22978	0	1
294	6094	8850	0	1
4600	6095	27086	0	4
3484	6097	6194	0	24
3813	6117	6880	0	2
3942	6118	7334	0	4
3535	6119	8337	0	1
1314	6120	7124	0	17
654	6121	23164	0	1
3804	6124	6839	0	1
3231	6125	7337	0	3
197	6129	8649	0	1
498	613	3725	0	15
1789	6132	7178	0	4
3013	6134	7178	0	10
380	6135	7528	0	4
1973	6137	6279	0	2
4339	6146	84444	0	2
1635	6147	8661	0	3
72	6154	7337	0	2
4592	6155	9960	0	1
4096	6156	7015	0	2
1994	6158	51008	0	1
2541	6175	7015	0	10
2125	6176	10945	0	5
3035	6181	6622	0	3
4111	6182	7818	0	8
2061	6184	10226	0	4
2796	6185	55666	0	1
3152	6187	27241	0	2
2728	6188	9440	0	1
4299	6189	7415	0	7
3916	6193	7465	0	2
2000	6194	6310	0	1
3082	6195	7414	0	10
51	6197	7414	0	3
280	6198	64223	0	62
1155	6199	9821	0	2
442	6201	7337	0	2
3236	6204	29128	0	2
1095	6206	90933	0	1
448	6207	7124	0	11
3438	6208	55929	0	1
2066	6209	28996	0	2
95	6217	6647	0	4
3408	6223	6776	0	7
3015	6224	10735	0	1
151	6232	51434	0	1
922	6236	7124	0	84
4217	6240	10605	0	3
4320	6241	51426	0	1
4338	6249	7041	0	2
4041	6256	10657	0	3
2514	6257	6957	0	7
656	6259	7251	0	1
212	6261	6262	0	80
3754	627	1956	0	102
4311	6271	6670	0	1
916	6273	6282	0	14
958	6275	6500	0	2
2044	6277	6282	0	24
2845	6278	6776	0	1
3423	6279	10951	0	2
4036	6281	7329	0	3
489	6282	6667	0	5
4236	6285	9212	0	1
1111	6293	84557	0	2
2237	6294	9775	0	3
3286	6299	7409	0	2
555	6304	6908	0	4
1926	6310	8243	0	3
3544	6311	10250	0	1
2589	6314	6878	0	2
2444	633	5747	0	7
4542	6331	23327	0	4
1201	6356	10062	0	2
1787	637	5289	0	3
797	638	8743	0	37
3167	6382	7414	0	18
4260	6383	54820	0	1
2364	6389	51564	0	2
3901	639	5460	0	32
3021	6390	23586	0	7
3401	6396	7341	0	3
3417	6399	51728	0	1
2263	640	5156	0	4
1136	6400	55662	0	1
3467	641	4691	0	3
109	64105	79172	0	5
3977	6416	6426	0	7
943	64170	79960	0	2
2136	6418	22919	0	1
3288	6419	27339	0	4
864	6421	10635	0	2
3570	64219	113878	0	1
1435	64223	84335	0	44
1101	6426	10226	0	3
1248	6427	7490	0	5
2915	6428	10189	0	9
1594	6429	8161	0	2
3999	6430	11338	0	22
1110	6431	9295	0	6
2955	6432	6594	0	1
2127	64324	79723	0	7
1870	64326	149603	0	1
2997	6434	23468	0	1
85	64422	64786	0	2
668	64426	79685	0	2
3008	6446	6788	0	4
3843	6452	23339	0	1
906	6453	7456	0	3
2253	6461	7422	0	12
4091	6464	8471	0	8
4212	6468	26273	0	1
4169	64682	83540	0	2
3500	64708	79791	0	2
544	64750	83737	0	14
1317	6477	56254	0	3
467	6478	8678	0	2
2877	64786	81631	0	2
3864	64792	90410	0	2
1329	64795	151636	0	1
4435	648	117854	0	1
4149	64839	79791	0	2
2721	6491	64750	0	1
1377	6493	7341	0	6
3364	64946	79980	0	10
3406	6497	6772	0	3
2369	64975	84675	0	1
1657	6498	9869	0	1
1290	650	10746	0	4
1387	6500	10598	0	3
3132	65018	120892	0	147
2208	6502	64839	0	3
1712	6503	11184	0	3
2023	6506	10746	0	1
415	652	3727	0	10
471	6521	8454	0	1
1046	6529	7249	0	1
4031	6531	25913	0	1
2900	6548	9656	0	1
2554	655	2247	0	90
4197	6550	6794	0	2
3841	657	3956	0	3
2015	658	4086	0	51
3342	659	3312	0	4
1400	6591	8991	0	1
1593	6594	10401	0	1
3897	6595	7112	0	2
691	6596	84675	0	1
944	6597	8815	0	34
2751	6598	54617	0	18
1682	6599	8208	0	4
308	660	1104	0	1
936	6601	7157	0	16
3824	6605	7015	0	2
2355	6606	9564	0	3
490	6607	6634	0	2
4501	6612	29761	0	4
2381	6613	81605	0	4
3249	6615	23309	0	3
4554	6616	9570	0	17
3488	6622	6853	0	26
3991	6625	8161	0	6
102	6626	10602	0	2
2422	6628	25804	0	8
2691	663	5881	0	1
1603	6632	6637	0	6
28	6633	10419	0	3
4476	6634	8208	0	2
3653	6635	54496	0	2
328	6636	23468	0	1
4519	6637	25804	0	4
2972	6638	9869	0	2
1385	664	1149	0	3
2727	6642	8848	0	1
304	6647	6737	0	8
2417	6648	9253	0	2
2071	665	8815	0	3
3141	6654	7132	0	4
219	6657	9412	0	2
883	6662	6955	0	5
3736	6667	11200	0	30
2185	667	1445	0	3
4490	6670	6774	0	29
1720	6671	56729	0	2
71	6672	7189	0	5
4309	6683	83737	0	2
2720	6693	10075	0	2
887	6696	7528	0	6
791	6700	7431	0	3
1279	6709	8208	0	2
4112	6714	8976	0	75
2664	672	1107	0	5
1194	6720	80306	0	2
2539	6721	9443	0	1
4616	6722	54780	0	1
1349	6727	8266	0	1
2286	673	26272	0	1
2849	6732	51765	0	1
2699	6733	10226	0	2
461	6737	9810	0	1
3263	6738	7124	0	12
1234	6744	7159	0	1
959	6749	9968	0	2
1076	675	57697	0	21
2568	677	4082	0	4
449	6770	7019	0	2
3636	6772	10891	0	22
3011	6773	54474	0	10
4159	6774	6919	0	3
2336	6776	29117	0	1
4102	6777	10514	0	1
4028	6778	55170	0	1
3162	6780	23019	0	1
3865	6782	29978	0	2
525	6786	26119	0	1
206	6788	55671	0	1
4165	6790	7322	0	1
1549	6794	7124	0	47
91	6795	10403	0	7
354	6801	57223	0	1
1396	6804	8766	0	13
1425	6810	11311	0	4
2936	6811	8266	0	2
1144	6812	7020	0	7
1554	6827	6908	0	10
4479	6829	9070	0	2
3603	6830	11100	0	1
69	6839	7551	0	1
3339	684	5111	0	7
2732	6844	7852	0	4
3689	6845	10112	0	1
956	6850	10783	0	1
2982	6853	9699	0	2
2745	6857	9821	0	1
258	6863	51164	0	2
2176	6867	8850	0	1
996	6868	7020	0	6
3091	6871	25942	0	5
3124	6872	9913	0	2
1752	6873	6882	0	8
4178	6874	10474	0	3
1504	6876	27241	0	2
4405	6877	6883	0	18
3427	6878	6883	0	14
4142	6879	8850	0	9
968	688	4673	0	2
1766	6880	9759	0	1
1418	6881	9869	0	3
1710	6882	8295	0	3
4514	6883	8535	0	1
3233	6884	8464	0	5
2804	6885	7124	0	244
4386	6886	7430	0	2
4057	6888	55193	0	1
2449	6890	9055	0	5
309	6898	7157	0	3
3268	6900	8930	0	1
1691	6901	10413	0	17
3366	6908	7083	0	8
2427	6910	7003	0	3
2151	6911	51176	0	7
3455	6917	7317	0	1
1568	6919	51366	0	1
2163	6923	8452	0	10
1508	6925	9802	0	2
1029	6927	7157	0	61
710	6929	10301	0	4
356	6935	26827	0	5
4235	6944	10728	0	1
1514	6945	10628	0	6
4303	6949	10421	0	1
2948	695	5601	0	8
1898	6950	10728	0	2
744	6955	10891	0	16
2508	6957	10474	0	1
1200	699	4609	0	44
3097	6990	8655	0	10
2544	6993	10121	0	3
3569	6996	8648	0	2
926	7001	7157	0	34
3139	7003	23376	0	1
3711	7004	8517	0	1
4573	7006	7454	0	1
2209	701	1063	0	44
2188	7010	7374	0	7
4410	7011	7157	0	25
1343	7013	7156	0	2
2891	7014	7175	0	4
1212	7015	10923	0	3
1982	7019	54205	0	80
1713	7020	9897	0	2
2708	7022	22919	0	2
3818	7023	26088	0	7
1563	7025	23411	0	6
1142	7026	10959	0	2
983	7027	8065	0	2
1494	7030	7157	0	15
4582	7033	10891	0	3
4345	7037	26276	0	1
3302	7039	7448	0	11
3712	7040	7341	0	20
4002	7041	9802	0	1
4136	7043	54778	0	2
4004	7046	7422	0	72
2956	7048	25998	0	1
2833	7050	9612	0	2
737	7052	10048	0	1
4379	706	3082	0	1
1011	7068	7175	0	3
1366	7072	10399	0	4
3839	7074	7414	0	27
1126	7076	7157	0	153
3419	708	7490	0	2
4572	7082	51164	0	3
3078	7083	55215	0	1
1774	7086	8878	0	4
4436	7088	29924	0	1
2713	7089	7091	0	8
520	7091	51701	0	1
3502	7097	8717	0	20
2177	7098	7124	0	710
488	7099	8027	0	4
385	7109	51112	0	2
436	7112	7157	0	12
1001	712	3172	0	5
3812	7124	378884	0	2
2099	7128	11236	0	3
3822	7132	7323	0	1
3436	7133	8065	0	3
1188	7137	9734	0	4
270	7153	10301	0	2
2281	7155	7321	0	1
1513	7156	8658	0	1
740	7157	7436	0	15
3671	7158	11316	0	1
2288	7159	57511	0	1
590	7161	29108	0	14
501	7164	22919	0	1
726	7167	9295	0	1
2114	717	5500	0	4
3931	7170	9189	0	2
3917	7175	8021	0	20
3136	7178	51631	0	1
4047	7181	7514	0	1
1417	7184	55120	0	1
4348	7185	8767	0	10
3420	7186	7322	0	5
4267	7187	10392	0	18
1605	7188	23586	0	6
107	7189	84759	0	1
222	72	9265	0	1
783	7204	7408	0	6
3224	7205	55233	0	1
4649	7220	23355	0	3
4132	7248	79899	0	2
2027	7249	55615	0	9
2587	7251	10920	0	2
2264	7265	9184	0	4
3592	7266	10963	0	8
1837	7267	7681	0	1
3123	7272	10403	0	9
833	7273	10392	0	2
4020	7276	51234	0	1
3615	7277	8464	0	2
1476	7283	203068	0	6
1166	7290	8208	0	19
1453	7291	7422	0	32
3768	7295	131405	0	1
637	7296	23741	0	1
965	7297	10221	0	1
3039	7306	7490	0	4
3023	7307	51340	0	3
1342	7314	7410	0	1
2327	7316	7335	0	6
3081	7317	84676	0	5
3694	7318	9739	0	3
23	7319	7334	0	9
2860	7320	51465	0	5
432	7321	7917	0	3
2706	7322	81847	0	1
3166	7323	55666	0	3
3037	7324	7325	0	9
1010	7325	56852	0	2
685	7327	10956	0	4
226	7328	7334	0	8
3742	7329	8576	0	1
4242	7332	8878	0	2
591	7334	57506	0	6
4084	7335	51426	0	2
63	7336	55215	0	2
1987	7337	26168	0	2
684	7341	10987	0	6
1858	7343	23481	0	4
2776	7345	10133	0	1
3690	7353	10112	0	2
869	7374	79016	0	1
2441	7375	8078	0	5
531	738	1509	0	2
4423	7386	81847	0	1
1911	7389	29978	0	1
1106	7392	8766	0	4
4462	7398	29089	0	4
321	7402	8557	0	5
2074	7403	26013	0	1
343	7405	8408	0	23
4625	7408	9351	0	1
3460	7409	8724	0	1
3609	7410	27241	0	2
3003	7412	10365	0	13
4207	7414	7454	0	45
2616	7415	54764	0	1
731	7416	55626	0	1
266	7417	10458	0	1
3728	7421	9734	0	6
4079	7422	150684	0	2
4422	7428	117854	0	1
593	7430	84335	0	5
3541	7431	51164	0	5
2122	7436	8878	0	5
88	7443	7444	0	8
3230	7444	23162	0	1
2063	7448	11130	0	1
727	7454	55245	0	1
1910	7456	23325	0	1
2886	7465	23637	0	1
4105	7468	8554	0	1
2386	7469	11198	0	1
4508	7486	8658	0	6
1233	7490	9739	0	1
2017	7507	10036	0	6
1875	7508	10951	0	2
3325	7514	29127	0	1
1785	7515	10038	0	30
3618	7517	8487	0	2
3397	7518	11198	0	2
1592	7520	54205	0	14
2457	7525	64223	0	1
2892	7528	23647	0	1
2451	7531	8945	0	1
3652	7534	79719	0	1
1562	7535	8517	0	10
1590	7536	10801	0	8
3306	7538	7750	0	1
2542	7541	11200	0	1
2822	7542	29128	0	1
1826	7551	10673	0	1
746	7552	8242	0	2
2733	7556	10919	0	2
2303	760	1742	0	73
3360	767	2475	0	1
653	7681	9781	0	1
2252	7703	55743	0	2
274	7704	9112	0	2
3700	7706	9810	0	1
3898	7709	26168	0	1
3682	7726	89870	0	8
2131	773	6642	0	1
4378	7737	23327	0	1
1347	774	6281	0	12
3040	775	9631	0	1
1836	7750	10524	0	1
183	7786	23162	0	7
4601	7791	8936	0	2
3793	780	2161	0	1
678	7804	11127	0	1
1123	7805	10568	0	1
3710	7813	8411	0	2
1302	7818	11222	0	9
26	782	868	0	1
795	7852	10617	0	2
3930	7862	10933	0	1
3271	7871	8607	0	1
159	7874	11274	0	6
92	7879	8165	0	1
4650	7881	10521	0	1
4347	7884	9098	0	2
3111	79003	128674	0	1
2591	79019	79980	0	4
3763	79023	79902	0	11
1695	79101	80124	0	1
1962	79102	89122	0	1
108	79109	84335	0	43
3814	79139	93380	0	1
246	7916	55929	0	1
3631	7917	51024	0	2
3578	79172	79980	0	4
2361	79184	80124	0	2
1199	7919	9939	0	9
3479	793	1956	0	4
4632	79444	91445	0	1
3246	7957	10656	0	1
2523	7965	29978	0	1
2928	79682	79980	0	4
2382	79720	84722	0	1
3222	79723	83852	0	7
4382	79727	79923	0	180
2716	79791	84864	0	1
707	7988	9869	0	1
4528	79899	84335	0	2
1859	799	2019	0	1
576	79923	84246	0	1
1681	7993	79139	0	1
2302	7994	10514	0	2
1839	80124	159195	0	1
2292	80143	148022	0	3
1372	80198	91442	0	7
15	8021	54474	0	3
533	8022	10891	0	1
2488	80233	91442	0	12
1776	8027	23327	0	10
1456	8028	27125	0	2
1899	8030	8607	0	1
600	8031	9656	0	2
1699	8048	10014	0	3
2313	805	8945	0	1
1840	8065	8450	0	11
2265	8078	54926	0	1
1240	808	3241	0	3
4027	8087	10419	0	2
2343	8089	27125	0	2
4533	8091	8850	0	3
1479	81	1029	0	8
3176	8106	10413	0	2
2234	811	23327	0	4
1680	8125	129685	0	1
1784	8131	57521	0	1
3910	8139	9978	0	1
177	814	5587	0	6
3044	8153	10097	0	2
844	81559	89870	0	3
4327	816	3569	0	11
524	81603	85363	0	4
3449	8161	9295	0	2
1934	81631	84557	0	92
4049	8165	10951	0	1
384	8178	84444	0	4
3620	818	7124	0	59
3137	81847	84675	0	1
248	819	10211	0	2
990	820	6638	0	2
4333	8202	55294	0	8
13	8204	10514	0	18
1009	8208	23326	0	1
483	821	9354	0	1
3890	8233	11338	0	3
4145	8237	9055	0	1
4344	8239	9099	0	5
4642	8242	30827	0	1
867	8243	9443	0	1
4365	825	3920	0	3
609	8266	10952	0	5
3800	829	6876	0	3
3361	8291	10376	0	2
855	8295	10521	0	3
3337	830	55636	0	1
398	8301	8313	0	1
1069	8312	9536	0	3
4324	8313	57534	0	4
4398	8314	23468	0	2
4292	8315	56341	0	1
3670	8317	55294	0	14
919	8328	25822	0	1
2812	8337	54474	0	5
2094	834	6733	0	2
2093	8349	9739	0	25
4257	835	1674	0	1
924	8352	8520	0	3
1171	83593	84959	0	1
3138	836	9683	0	1
2937	83737	148022	0	3
665	83752	93380	0	1
3661	8379	51008	0	4
2467	83852	84444	0	2
1465	83860	129685	0	10
4544	839	940	0	13
4253	840	9135	0	4
3005	8405	55294	0	1
2318	84062	85363	0	1
2678	8408	55193	0	3
1847	841	1956	0	157
1223	8411	9733	0	3
586	84148	129685	0	2
3718	8417	11311	0	2
3064	842	1026	0	118
4173	8428	220134	0	1
2249	843	57448	0	8
3563	8431	246329	0	2
1732	8438	8900	0	2
2740	8440	9322	0	1
3894	84447	90933	0	1
1846	8445	9748	0	2
2307	8448	11069	0	2
1416	8450	81620	0	10
141	8451	10459	0	2
1000	8452	26272	0	2
48	8453	9440	0	1
1794	8454	10521	0	2
4376	84557	148022	0	10
2326	8463	55294	0	1
3367	8464	10155	0	1
618	8467	84172	0	1
2024	84675	89122	0	2
3905	84676	84937	0	1
4076	8468	9611	0	1
3927	847	2177	0	2
2781	8470	10211	0	2
2233	84708	222484	0	7
2888	8471	192111	0	1
3106	84759	89870	0	1
2180	8480	57122	0	13
1672	8487	10606	0	1
1917	8493	79618	0	1
4598	84937	90933	0	1
3110	8502	10097	0	1
1867	8503	8573	0	1
105	8507	9984	0	1
4118	8517	54708	0	1
1619	8518	10146	0	1
639	8520	11200	0	4
2707	8521	56940	0	1
2566	8535	10401	0	6
147	85363	113878	0	2
2133	8541	9699	0	1
1115	8546	57617	0	1
3799	8548	8615	0	2
1694	8550	9252	0	11
1871	8553	9739	0	1
4283	8554	10401	0	31
1731	8556	55233	0	36
687	8557	29108	0	2
2631	8562	10892	0	1
2033	8563	9775	0	3
2316	8569	10783	0	1
888	857	3169	0	9
1989	8570	10286	0	2
2801	8573	9368	0	5
3385	8575	9112	0	1
3966	8576	11140	0	1
290	859	57154	0	2
3378	86	84661	0	1
2275	860	64750	0	14
1304	8607	10755	0	1
4308	861	1822	0	5
3621	8615	10567	0	7
651	862	11059	0	2
1510	8626	9958	0	2
1100	863	9223	0	1
999	864	11200	0	8
1679	8648	23369	0	1
914	8649	9689	0	1
4087	865	10951	0	1
3637	8650	26191	0	1
1386	8651	23071	0	1
767	8655	9776	0	1
4204	8658	55215	0	1
137	8660	30835	0	2
1966	8661	55505	0	1
352	8664	10920	0	3
312	8665	10980	0	5
507	8667	10213	0	6
1523	8668	10212	0	1
1587	8669	57559	0	1
3457	867	7706	0	2
3242	8673	9341	0	18
1258	8674	55275	0	3
1173	8675	10127	0	1
2096	8676	9821	0	1
2396	8678	23327	0	2
1103	868	2246	0	2
2961	8683	9406	0	1
2178	8694	9101	0	2
2102	8697	116448	0	1
4046	87	10006	0	3
4516	871	3643	0	3
1053	8717	10318	0	6
1206	8721	9063	0	2
2830	8724	8766	0	4
1305	8726	27241	0	2
2644	8729	8773	0	1
199	873	7329	0	2
2160	8737	29843	0	1
1074	8738	10892	0	5
3542	8741	10758	0	1
589	8743	9212	0	9
1412	875	1813	0	1
814	8761	27183	0	2
4430	8766	50855	0	11
1043	8767	9774	0	6
1392	8772	8915	0	14
3855	8773	10226	0	3
1079	8774	10307	0	1
3216	8777	8825	0	7
3608	8795	9255	0	16
3727	8797	8996	0	3
3196	88	773	0	3
253	8805	79727	0	1
823	8814	84106	0	1
3320	8815	8878	0	10
445	8819	64426	0	10
1340	8820	8850	0	1
863	8825	23136	0	3
214	8826	10671	0	2
3119	8836	10477	0	1
1088	8837	79902	0	1
786	8841	9541	0	3
626	8848	30008	0	1
661	8850	23741	0	2
1420	8852	10524	0	2
615	8856	54386	0	2
3247	8864	10499	0	3
735	8867	79720	0	1
3042	8871	9055	0	1
3803	8874	55738	0	1
655	8878	58529	0	5
989	8881	9527	0	2
3114	8883	10628	0	2
3318	8887	30851	0	4
2722	8897	23327	0	1
3702	8899	83540	0	1
1021	890	9748	0	2
3307	8900	9184	0	3
4341	891	995	0	153
2267	89122	90933	0	2
3150	8914	9659	0	1
4312	8915	10111	0	5
2695	892	9611	0	5
779	8924	9978	0	2
297	8928	9972	0	2
3719	8930	25988	0	2
3929	8932	9656	0	3
3744	8936	10142	0	1
2373	894	5500	0	3
761	8945	9479	0	1
1164	896	2005	0	3
3625	8975	10691	0	1
756	8976	9493	0	2
2077	898	7317	0	4
3627	89870	222484	0	1
2574	899	79791	0	1
2111	8991	9730	0	1
2843	8996	29108	0	3
3237	90	655	0	51
3089	9001	55140	0	1
992	9013	51082	0	4
456	9014	9739	0	2
3811	902	6871	0	1
3842	9020	10673	0	7
3120	9021	11275	0	2
4164	9024	9252	0	2
1999	9025	9618	0	1
2351	9026	22848	0	4
1178	9031	10524	0	5
3398	9039	10628	0	4
4318	904	1499	0	7
1944	9040	10920	0	7
1577	9045	10951	0	1
2082	905	2932	0	2
1067	9050	10097	0	2
3747	9051	55294	0	2
1582	9053	9821	0	2
1446	9054	9759	0	1
2404	9055	9184	0	13
3149	9063	23236	0	1
3892	9070	56254	0	9
686	9093	51025	0	2
932	90933	222484	0	1
2650	9097	10013	0	4
1344	9098	64792	0	1
3354	9099	26086	0	1
3516	91	3480	0	5
2881	9100	27005	0	3
3896	9101	11059	0	3
1492	9110	23327	0	2
506	9112	11091	0	3
2515	9113	84959	0	1
1965	9126	10111	0	24
2319	9128	26827	0	3
1117	9129	26827	0	3
3228	9134	26272	0	2
3560	9135	10252	0	1
3463	9138	10458	0	3
2042	9139	25942	0	3
4596	914	23523	0	4
2677	9140	23586	0	8
4494	91445	151636	0	1
330	9146	9896	0	1
2035	9149	9978	0	3
158	915	5265	0	4
3779	9156	11200	0	60
4628	916	2212	0	77
2348	9175	9479	0	6
2702	9181	51099	0	1
1882	9183	51164	0	2
1313	9184	64682	0	11
908	9185	79719	0	1
595	9189	10664	0	5
127	919	5594	0	60
3519	920	1915	0	52
3375	9202	23028	0	1
1747	9203	23186	0	1
3303	9212	55666	0	5
2050	9219	55929	0	3
413	9223	25942	0	2
392	9229	116448	0	1
711	9230	55165	0	1
2331	9232	79003	0	27
465	924	2909	0	1
4448	9240	23636	0	1
2214	9246	23586	0	15
2549	925	6427	0	8
1530	9252	79109	0	2
14	9253	10549	0	2
44	9255	148022	0	3
182	9260	27242	0	1
773	9261	10606	0	2
3244	9265	79109	0	2
185	9266	9267	0	18
366	9267	10565	0	8
1182	9270	10399	0	4
303	928	7709	0	1
2472	9282	90390	0	4
2340	929	10499	0	5
4399	9295	23708	0	1
842	930	26060	0	1
357	931	4758	0	7
3798	9314	23028	0	8
4140	9318	54474	0	1
4578	9322	10097	0	18
1089	9325	11277	0	1
1154	933	5335	0	5
2486	9341	55763	0	3
4485	9342	9527	0	3
838	9343	10569	0	3
66	9349	23246	0	5
2394	9351	23558	0	1
2642	9354	23624	0	1
1493	93624	129685	0	1
4139	9367	23111	0	2
2148	9368	10207	0	4
3129	9370	10891	0	127
4599	9372	23645	0	2
4181	9373	11130	0	1
2414	939	57534	0	3
4403	9391	11077	0	1
671	9392	27072	0	1
4042	940	29108	0	25
4290	9400	9656	0	1
65	9401	9656	0	4
1333	9402	10750	0	14
1903	9406	10921	0	1
966	941	23308	0	69
3716	9412	10735	0	1
1788	9414	11336	0	3
2497	942	8717	0	10
2528	9425	23468	0	5
597	943	7132	0	55
4486	9439	10735	0	1
2007	9440	79923	0	1
1445	9441	10498	0	1
1160	9442	9862	0	5
1483	9443	10401	0	1
3970	9446	54205	0	11
1368	945	9984	0	2
4390	947	7520	0	15
3715	9474	11337	0	36
928	9479	10399	0	1
2700	948	3329	0	28
1583	9482	51164	0	3
4562	949	57122	0	1
3886	9493	23085	0	1
1169	9500	197370	0	1
3550	9516	9683	0	2
333	9522	10134	0	2
201	9527	23192	0	2
29	9529	9532	0	6
4186	9531	84676	0	2
2184	9532	23640	0	3
3192	9533	10549	0	1
172	9536	51176	0	3
475	9541	11091	0	1
1754	9546	84708	0	1
2926	9554	9570	0	12
77	9555	23468	0	2
812	9557	54474	0	1
3810	9564	10073	0	3
2717	9570	10652	0	22
2290	9572	9693	0	1
3316	9575	10013	0	3
553	958	9373	0	3
1831	959	3308	0	24
3050	960	3689	0	141
466	9604	64326	0	1
2320	9610	10014	0	3
1127	9611	10898	0	3
3254	9612	23410	0	3
3703	9616	55832	0	4
4128	9618	85363	0	1
154	9628	54464	0	1
2255	9631	9734	0	1
1685	9636	55697	0	1
1739	9641	10403	0	2
3693	9646	9739	0	9
3948	9656	10459	0	4
3941	9659	29117	0	1
3170	967	3458	0	43
4180	9683	51741	0	2
1927	9685	10493	0	1
1919	9689	26986	0	2
3867	9693	26994	0	1
4221	9694	84447	0	1
171	9699	23162	0	1
2090	9709	22926	0	28
825	9711	10395	0	1
2341	9716	56259	0	1
164	972	7157	0	47
2905	973	3339	0	3
292	9730	10957	0	1
1823	9733	23186	0	2
3785	9734	55968	0	1
4175	9738	10733	0	19
119	9739	10919	0	9
1979	9748	79109	0	1
462	975	3959	0	1
849	9755	10010	0	8
2838	9759	22926	0	3
2474	9768	10671	0	2
3957	9774	29108	0	4
2923	9775	26986	0	12
2857	9776	10395	0	1
912	9779	23192	0	1
598	9781	51127	0	1
146	9785	11218	0	3
3583	9793	80321	0	1
3646	9798	27183	0	8
2825	9802	10189	0	1
3251	9804	57534	0	2
3206	9810	10892	0	1
1640	9815	55577	0	1
3324	9817	54205	0	27
2434	9818	9972	0	11
2248	9820	10458	0	2
3992	9821	51455	0	1
3786	9826	57154	0	2
2368	983	7306	0	5
648	9830	57617	0	1
587	984	7175	0	1
927	9857	10499	0	1
2951	9862	90390	0	6
2715	9869	10127	0	2
236	988	7158	0	3
2134	9883	55746	0	21
875	9887	25913	0	3
2456	989	7157	0	14
582	9891	23162	0	1
4612	9896	23327	0	1
2711	9897	50616	0	1
4620	9898	79109	0	1
858	990	56852	0	6
4389	9903	59349	0	1
722	991	2597	0	51
4416	9913	83860	0	2
1278	9921	64219	0	2
2511	9924	27327	0	2
4206	9927	23462	0	1
4095	993	4609	0	92
3117	9933	10403	0	2
3416	9935	23586	0	3
3174	9939	79228	0	2
998	994	995	0	68
132	995	10733	0	12
2193	9958	55611	0	4
1475	996	23049	0	1
748	9960	27005	0	3
3887	9968	10735	0	2
3259	9969	11198	0	3
176	997	5921	0	1
264	9971	10898	0	2
755	9972	79023	0	9
2973	9978	10980	0	4
3363	998	6121	0	2
3305	9984	51666	0	1
1907	9987	10307	0	1
4288	999	5902	0	6
